UK/predictors/raw_data/Pb_grid.txt
ncols          515
nrows          640
xllcorner      136000.00000000
yllcorner      16000.00000000
cellsize       1000.00000000
NODATA_value  -1
[rows 462 to 494 of 640, columns 148 to 221 of 515]
81.183 85.4032 84.1372 79.4949 74.1493 70.2104 68.8037 70.0698 73.1646 76.8221 81.8864 86.9507 86.9507 85.2626 83.0118 79.7763 77.5255 74.712 68.9444 61.9107 56.0024 52.3448 51.5008 51.9228 52.4855 52.3448 52.2042 52.3448 53.3296 54.1736 54.0329 54.5956 55.4397 56.9871 59.0972 60.6446 62.0513 64.1615 68.5224 74.8527 83.2931 89.4828 87.0913 79.0729 71.4765 66.5529 63.8801 62.192 59.9412 55.8617 52.2042 49.9534 49.5314 50.0941 50.2347 50.5161 50.5161 49.9534 49.25 47.9839 46.9992 46.7179 48.406 50.3754 53.8923 58.1125 60.6446 61.4887 60.3633 59.3785 57.6905 57.8311 -1 -1
79.0729 79.917 79.0729 76.2594 74.9934 74.712 75.9781 75.6967 75.9781 79.6356 84.6999 86.81 87.654 87.232 91.1709 97.9232 104.113 95.8131 77.6662 63.8801 53.6109 48.406 48.1246 49.5314 50.6567 50.0941 49.5314 49.8127 51.6415 51.6415 50.3754 49.8127 51.3601 55.5803 60.0819 65.0055 68.5224 69.0851 67.397 66.2716 63.3174 60.5039 62.0513 66.1309 69.3664 72.1799 75.134 73.0239 66.2716 59.8006 54.877 52.6262 51.7821 50.9381 49.5314 47.9839 46.5772 46.2959 47.4212 48.2653 48.2653 48.5466 50.0941 52.2042 55.299 58.2531 59.9412 60.7853 59.9412 59.8006 58.9565 -1 -1 -1
78.3695 76.9628 76.2594 74.8527 75.134 78.5102 82.3084 81.183 78.9322 81.8864 87.7947 93.281 92.1556 90.7489 99.33 126.902 165.306 139.281 91.0302 64.1615 47.5619 38.5588 40.8096 46.7179 48.9687 47.8433 45.8738 46.7179 49.25 49.672 46.8585 43.3417 45.7332 52.9075 61.0666 70.7731 79.2136 75.8374 67.6783 59.9412 50.3754 42.2163 46.1552 57.2684 67.819 79.917 94.4064 91.3116 74.4307 62.192 55.299 52.4855 52.2042 51.3601 48.9687 44.8891 41.5129 42.6383 46.2959 48.2653 49.1093 48.406 49.3907 52.3448 56.143 59.9412 62.4734 62.0513 60.3633 59.6599 59.6599 -1 -1 -1
78.3695 75.6967 72.6019 73.4459 75.6967 80.6203 85.6846 83.2931 79.917 82.1677 89.3421 96.7978 93.8437 91.3116 102.003 141.814 211.447 166.994 96.7978 64.0208 44.3264 33.7759 37.5741 45.7332 48.5466 47.1399 44.6078 45.8738 48.1246 48.6873 45.0298 40.2469 43.3417 51.9228 61.4887 73.7273 85.9659 80.0576 67.397 57.1278 45.4518 36.308 40.8096 53.4702 66.6936 83.7152 105.801 102.003 78.3695 63.3174 55.0176 51.6415 52.0635 51.7821 48.828 43.4824 38.9808 40.9502 46.2959 49.3907 49.3907 47.4212 48.9687 53.0482 56.9871 61.0666 64.0208 63.1767 60.7853 59.5192 58.3938 -1 -1 -1
74.29 70.3511 68.8037 69.9291 72.6019 76.8221 81.3237 79.3543 78.7916 83.8558 88.4981 92.859 91.1709 90.8895 95.2504 115.93 142.236 121.838 86.388 64.7242 50.3754 42.779 43.9044 48.406 49.672 48.828 47.4212 47.8433 48.6873 49.5314 47.8433 45.5925 47.7026 53.6109 60.6446 68.663 74.8527 72.3206 64.4428 56.9871 49.25 43.9044 46.5772 54.877 64.7242 76.9628 88.9201 87.0913 74.1493 63.3174 56.7057 53.8923 53.6109 52.4855 50.0941 46.2959 43.3417 44.4671 48.6873 51.5008 51.7821 50.7974 52.2042 55.1583 57.8311 60.3633 62.0513 61.4887 -1 -1 -1 -1 57.2684 60.6446
66.9749 63.7394 65.2869 65.0055 67.6783 71.8985 73.7273 75.134 78.0882 81.7457 85.4032 87.9354 88.6387 86.81 85.6846 88.7794 90.6082 83.4338 74.29 65.7089 58.9565 54.877 53.8923 53.4702 52.2042 50.0941 49.1093 49.5314 49.8127 51.6415 52.2042 52.3448 53.6109 56.7057 59.6599 63.3174 65.4275 64.4428 61.2073 57.2684 53.3296 51.0788 52.4855 56.5651 62.192 69.0851 74.29 73.0239 68.241 62.4734 58.9565 56.7057 55.721 54.4549 52.0635 50.2347 49.1093 49.9534 52.2042 55.1583 57.1278 57.9718 58.6752 59.5192 59.6599 60.5039 60.5039 -1 -1 -1 -1 -1 51.5008 55.721
60.2226 55.5803 56.7057 61.6293 64.1615 64.3021 63.5988 66.8343 72.3206 80.9017 83.7152 84.9812 83.8558 81.183 75.2747 67.9597 62.0513 62.7547 66.4122 65.4275 64.8648 64.5835 62.4734 58.5345 53.4702 49.25 47.1399 48.2653 50.6567 52.7669 55.5803 56.8464 58.1125 58.8158 60.2226 61.348 61.4887 61.348 59.3785 56.8464 54.3143 52.7669 53.6109 56.143 60.3633 64.3021 66.8343 66.4122 64.4428 61.9107 60.2226 59.0972 58.1125 56.2837 54.1736 53.0482 52.7669 53.4702 55.8617 60.2226 65.4275 69.7884 69.3664 66.4122 64.1615 62.192 61.0666 -1 -1 -1 -1 39.6842 42.6383 50.5161
51.0788 43.201 46.5772 55.721 60.0819 56.9871 52.2042 56.4244 68.663 77.8068 82.7304 83.5745 83.1525 78.9322 68.5224 52.2042 40.2469 45.3111 58.8158 67.5376 71.8985 74.5713 70.6325 62.7547 54.3143 45.5925 40.9502 44.1857 49.8127 54.7363 59.5192 62.614 62.3327 60.6446 60.0819 60.5039 60.3633 60.2226 58.8158 56.0024 52.7669 50.3754 51.3601 54.5956 58.3938 61.348 63.1767 63.0361 62.3327 61.348 61.0666 61.4887 60.5039 58.1125 55.721 54.1736 53.6109 54.4549 57.6905 65.1462 76.1188 86.6693 82.8711 -1 -1 -1 -1 -1 -1 -1 34.9013 27.8675 31.8064 44.8891
47.5619 38.4181 42.6383 53.8923 59.2379 54.5956 47.2806 51.7821 65.8495 77.6662 83.0118 83.5745 83.2931 78.9322 66.5529 46.8585 32.5098 39.2621 56.8464 68.9444 74.5713 77.8068 75.2747 65.4275 54.877 43.3417 37.0114 42.357 49.9534 56.143 62.4734 66.5529 64.8648 61.6293 60.3633 60.0819 60.3633 60.2226 58.3938 55.721 51.9228 48.828 50.0941 53.7516 57.2684 59.5192 60.926 61.348 61.2073 61.0666 61.4887 62.3327 61.6293 59.2379 56.4244 54.7363 53.1889 54.3143 59.0972 67.819 81.7457 94.2657 -1 -1 -1 -1 -1 -1 -1 -1 32.5098 23.366 27.8675 44.0451
52.9075 46.9992 49.5314 57.1278 61.6293 59.0972 55.299 59.3785 70.3511 80.0576 84.2779 84.9812 84.2779 81.3237 71.8985 57.4091 46.8585 51.6415 64.0208 72.6019 76.1188 76.5408 74.712 66.9749 58.3938 49.3907 44.7484 47.5619 52.3448 57.1278 61.348 64.1615 63.3174 61.348 60.2226 59.6599 59.6599 59.3785 58.2531 55.8617 53.4702 51.3601 52.0635 54.3143 57.1278 58.6752 59.9412 60.3633 60.6446 60.6446 61.2073 61.6293 61.0666 59.5192 57.8311 56.143 55.0176 56.143 60.6446 -1 -1 -1 -1 -1 -1 -1 -1 -1 -1 54.7363 42.6383 34.3386 38.8401 52.3448
60.5039 58.9565 60.3633 64.0208 66.9749 67.1156 67.397 71.8985 78.9322 85.4032 88.6387 90.0455 89.7641 88.2167 83.1525 76.6815 72.3206 73.5866 78.5102 80.339 81.605 81.183 78.7916 73.3053 63.8801 57.9718 54.877 55.1583 57.2684 58.1125 59.5192 61.348 61.6293 60.0819 59.3785 58.5345 57.9718 57.8311 57.4091 56.143 55.1583 54.5956 54.5956 55.299 56.8464 58.3938 59.2379 -1 59.6599 60.7853 61.2073 61.0666 60.5039 59.5192 59.6599 58.1125 57.9718 58.8158 -1 -1 -1 -1 -1 -1 -1 -1 -1 -1 -1 73.4459 69.9291 66.8343 68.5224 72.7426
67.1156 68.3817 69.3664 70.9138 73.4459 75.9781 79.3543 85.1219 91.3116 94.5471 98.4859 100.455 100.737 100.033 99.8927 100.455 101.018 98.2046 93.5623 92.0149 92.1556 93.5623 89.2014 80.339 71.6172 63.7394 61.2073 60.3633 60.6446 60.0819 60.6446 60.7853 60.3633 60.0819 58.2531 56.7057 55.4397 55.4397 56.143 56.4244 56.143 56.2837 56.2837 56.8464 56.8464 57.8311 58.9565 -1 -1 60.6446 61.2073 61.0666 60.7853 60.6446 59.8006 -1 -1 -1 -1 -1 -1 -1 -1 -1 -1 -1 -1 -1 -1 106.364 125.917 141.11 132.248 109.599
71.0545 73.1646 73.7273 76.1188 80.4797 85.6846 93.281 99.6113 106.504 111.287 115.226 117.196 116.914 116.492 116.492 121.134 129.716 122.401 107.911 101.862 103.832 111.991 104.676 88.0761 75.2747 66.6936 61.6293 61.77 62.614 62.7547 61.6293 60.0819 59.2379 59.0972 57.2684 54.4549 52.0635 52.3448 54.7363 56.4244 56.7057 57.2684 57.1278 57.1278 57.5498 57.6905 -1 -1 -1 -1 -1 -1 -1 -1 -1 -1 -1 -1 -1 -1 -1 -1 -1 -1 -1 -1 -1 -1 114.804 145.752 210.885 287.693 246.616 164.321
72.7426 73.868 74.8527 79.917 87.9354 99.0486 108.333 117.758 126.621 135.483 141.392 143.924 142.517 136.609 131.826 132.529 139.844 133.092 116.492 107.63 109.459 118.743 110.443 91.3116 77.2441 66.6936 60.5039 61.77 63.5988 63.8801 63.4581 62.4734 61.348 58.8158 56.7057 53.6109 50.6567 51.0788 54.0329 56.2837 57.2684 57.4091 57.4091 57.4091 57.6905 -1 -1 -1 -1 -1 -1 -1 -1 -1 -1 -1 -1 -1 -1 -1 -1 -1 -1 -1 -1 -1 -1 -1 126.058 166.994 257.166 364.219 307.387 194.848
74.0086 75.6967 78.5102 86.5286 99.8927 114.804 128.872 142.798 155.881 172.34 186.548 194.848 184.578 166.15 149.832 140.266 136.609 130.841 119.868 110.021 106.645 107.348 101.159 89.9048 79.917 71.7579 66.2716 65.5682 67.2563 66.6936 65.4275 63.8801 62.0513 60.6446 57.9718 54.7363 52.7669 53.0482 54.877 56.5651 57.2684 57.2684 57.2684 -1 -1 -1 -1 -1 -1 -1 -1 -1 -1 -1 -1 -1 -1 -1 -1 -1 -1 -1 -1 -1 -1 -1 -1 111.287 126.339 158.554 216.371 269.686 243.521 181.484
77.2441 81.0423 86.81 98.0639 116.914 137.734 158.272 175.153 194.707 228.75 275.032 301.338 272.64 220.872 180.921 159.82 148.707 137.875 124.511 111.287 102.847 98.0639 92.7183 87.7947 82.8711 78.9322 76.4001 74.712 72.4612 69.7884 67.6783 65.5682 63.4581 61.4887 59.6599 56.9871 55.5803 55.721 56.4244 57.1278 57.6905 -1 -1 -1 -1 -1 -1 -1 -1 -1 -1 -1 -1 -1 -1 -1 -1 -1 -1 -1 -1 -1 -1 -1 -1 -1 105.098 110.725 120.994 139.422 166.009 185.985 179.092 155.459
82.1677 88.7794 98.2046 114.382 140.688 171.777 198.505 211.729 239.16 315.405 476.196 621.653 515.866 323.986 225.515 192.456 182.187 162.633 135.061 112.553 97.9232 90.1862 87.5134 86.1066 85.8253 86.9507 88.0761 85.6846 81.3237 77.1035 70.3511 67.5376 65.0055 63.1767 61.348 59.3785 58.1125 57.8311 57.9718 58.1125 -1 -1 -1 -1 -1 -1 -1 -1 -1 -1 -1 -1 -1 -1 -1 -1 -1 -1 -1 -1 -1 -1 -1 -1 -1 103.691 -1 106.926 114.241 125.073 138.578 145.893 144.627 135.624
-1 97.2199 110.162 130.841 165.447 210.181 242.677 243.099 269.546 417.535 916.365 1753.66 1214.17 483.089 266.029 227.343 243.662 210.744 149.973 111.709 89.7641 79.3543 80.6203 84.1372 88.0761 95.1098 102.988 98.6266 88.6387 81.183 72.8833 69.2257 66.5529 64.1615 63.3174 62.0513 58.8158 59.3785 -1 -1 -1 -1 -1 -1 -1 -1 -1 -1 -1 -1 -1 -1 -1 -1 -1 -1 -1 -1 -1 -1 -1 -1 103.832 104.113 103.832 101.44 99.33 101.44 108.614 116.211 124.229 128.168 128.309 124.933
-1 -1 119.446 143.22 178.811 226.359 259.558 252.805 274.891 450.171 1179.28 2872.44 1774.05 547.377 272.922 238.175 280.8 238.316 154.474 109.459 85.2626 74.4307 77.5255 83.5745 88.4981 98.2046 109.881 103.972 91.5929 83.1525 77.9475 70.6325 67.819 65.5682 65.1462 62.7547 61.6293 -1 -1 -1 -1 -1 -1 -1 -1 -1 -1 -1 -1 -1 -1 -1 -1 -1 -1 -1 -1 -1 -1 -1 105.098 107.067 108.192 108.333 105.801 101.159 97.0792 99.6113 106.645 112.694 117.477 120.712 120.431 118.884
-1 -1 125.917 146.878 175.575 210.603 235.08 237.894 257.729 364.219 681.158 1141.87 830.554 387.852 234.518 204.414 212.854 185.141 137.031 105.52 87.9354 80.1983 80.339 83.2931 86.388 92.2963 98.6266 95.8131 88.0761 82.4491 78.2289 71.1952 68.663 66.5529 66.4122 64.0208 62.8954 -1 -1 -1 -1 -1 -1 -1 -1 -1 -1 -1 -1 -1 -1 -1 -1 -1 -1 -1 -1 -1 -1 106.082 110.725 113.538 113.538 112.272 110.021 105.942 102.425 104.254 108.896 113.538 114.945 115.085 114.241 113.679
-1 -1 -1 143.783 163.759 185.423 200.334 206.664 215.105 243.943 294.586 331.161 291.631 220.45 172.34 150.535 141.11 128.872 112.272 96.9385 86.81 81.7457 80.4797 81.4644 82.5898 84.2779 86.1066 85.1219 82.5898 80.339 77.6662 75.134 69.0851 67.6783 66.6936 65.2869 -1 -1 -1 -1 -1 -1 -1 -1 -1 -1 -1 -1 -1 -1 -1 -1 -1 -1 -1 -1 -1 -1 106.786 112.413 117.899 120.431 120.572 119.306 119.728 116.633 111.85 114.382 115.93 113.819 111.85 110.443 109.881 110.443
-1 -1 -1 -1 150.113 163.196 170.652 170.37 165.728 154.193 134.639 118.884 121.556 128.027 119.868 104.394 92.9996 91.3116 91.4522 86.388 79.4949 74.8527 74.9934 77.2441 78.5102 78.7916 77.6662 77.6662 77.8068 77.6662 76.4001 74.9934 69.5071 67.9597 66.9749 -1 -1 -1 -1 -1 -1 -1 -1 -1 -1 -1 -1 -1 -1 -1 -1 -1 -1 -1 -1 -1 -1 105.52 111.006 121.979 129.294 132.388 132.107 129.716 126.621 125.214 122.682 122.401 120.712 117.196 111.147 103.55 104.816 107.067
-1 -1 -1 -1 -1 146.034 147.722 141.814 128.45 104.113 73.4459 54.4549 62.8954 85.1219 90.0455 75.6967 62.8954 67.2563 77.1035 77.6662 71.0545 65.2869 67.397 72.7426 74.9934 74.5713 72.8833 73.3053 74.712 75.5561 75.134 74.29 73.5866 68.5224 67.397 -1 -1 -1 -1 -1 -1 -1 -1 -1 -1 -1 -1 -1 -1 -1 -1 -1 -1 -1 -1 -1 104.535 111.428 120.712 127.887 135.483 139.563 138.437 136.327 132.81 128.168 124.933 125.214 123.807 116.492 104.254 95.3911 96.5165 103.128
-1 -1 -1 -1 -1 -1 131.404 122.823 107.911 84.4185 58.2531 43.0603 50.0941 70.6325 77.8068 66.1309 54.877 59.8006 70.7731 73.3053 67.819 62.4734 64.8648 70.2104 73.0239 72.8833 71.4765 72.0392 73.3053 74.29 74.1493 73.868 69.5071 68.663 67.5376 -1 -1 -1 -1 -1 -1 -1 -1 -1 -1 -1 -1 -1 -1 -1 -1 -1 -1 -1 -1 95.3911 101.721 109.459 119.868 131.404 139 141.814 141.392 140.688 137.875 130.7 123.385 125.917 127.183 117.336 101.862 90.4675 94.5471 104.113
-1 -1 -1 -1 -1 -1 118.884 111.991 99.33 81.8864 63.7394 54.1736 58.5345 70.6325 75.4154 69.2257 62.8954 65.1462 70.6325 71.8985 69.0851 66.4122 67.2563 69.7884 72.0392 72.6019 72.3206 72.7426 72.7426 73.0239 72.7426 72.8833 69.0851 68.3817 68.5224 -1 -1 -1 -1 -1 -1 -1 -1 -1 -1 -1 -1 -1 -1 -1 -1 -1 -1 -1 84.2779 89.4828 95.5318 105.942 117.196 130.7 139.281 142.798 145.049 147.3 147.863 142.517 135.343 136.046 134.921 124.933 109.881 100.596 101.862 109.459
-1 -1 -1 -1 -1 -1 -1 106.082 96.7978 84.8405 74.29 68.663 70.3511 75.2747 76.9628 74.29 71.1952 71.0545 71.7579 70.6325 68.3817 66.6936 66.6936 68.5224 70.6325 72.0392 72.7426 72.8833 72.3206 72.1799 71.6172 71.1952 70.7731 67.6783 68.3817 -1 -1 -1 -1 -1 -1 -1 -1 -1 -1 -1 -1 -1 -1 -1 -1 -1 -1 -1 79.3543 83.8558 88.7794 97.9232 112.694 130.841 144.205 151.661 157.288 162.493 167.557 172.199 171.777 166.432 152.786 136.327 121.979 113.257 111.147 113.819
-1 -1 -1 -1 -1 -1 -1 -1 96.5165 89.0608 83.0118 79.2136 78.3695 79.2136 79.6356 77.6662 75.6967 73.4459 71.3358 67.6783 63.4581 60.6446 61.348 64.7242 68.241 70.6325 72.1799 72.4612 72.6019 71.1952 70.3511 69.7884 69.6477 68.1003 -1 -1 -1 -1 -1 -1 -1 -1 -1 -1 -1 -1 -1 -1 -1 -1 -1 -1 -1 68.8037 74.712 77.5255 79.4949 88.0761 105.52 132.248 157.85 174.731 178.529 182.046 198.083 230.157 256.885 236.065 186.829 149.973 124.651 113.116 111.85 114.523
-1 -1 -1 -1 -1 -1 -1 -1 -1 -1 -1 -1 -1 -1 81.7457 79.7763 77.5255 74.5713 70.3511 63.8801 56.7057 51.9228 53.8923 59.9412 65.4275 69.2257 71.1952 71.8985 71.7579 -1 -1 -1 -1 -1 -1 -1 -1 -1 -1 -1 -1 -1 -1 -1 -1 -1 -1 -1 -1 -1 56.9871 -1 56.143 64.5835 71.1952 71.4765 68.663 75.4154 98.3453 134.921 182.046 217.356 205.961 199.209 229.876 329.613 475.07 385.32 233.392 156.444 117.899 101.862 103.832 112.694
-1 -1 -1 -1 -1 -1 -1 -1 -1 -1 -1 -1 -1 -1 -1 -1 -1 -1 68.663 61.77 53.8923 48.9687 51.0788 -1 -1 -1 -1 -1 -1 -1 -1 -1 -1 -1 -1 -1 -1 -1 -1 -1 -1 -1 -1 -1 -1 -1 -1 -1 62.192 60.3633 55.1583 50.7974 53.6109 62.7547 69.9291 69.3664 64.0208 70.0698 94.5471 134.217 194.426 244.224 219.184 202.444 238.738 384.195 649.788 488.294 252.243 157.288 113.116 94.4064 99.8927 111.287
-1 -1 -1 -1 -1 -1 -1 -1 -1 -1 -1 -1 -1 -1 -1 -1 -1 -1 -1 -1 -1 -1 -1 -1 -1 -1 -1 -1 -1 -1 -1 -1 -1 -1 -1 -1 -1 -1 -1 -1 -1 -1 -1 -1 -1 -1 -1 -1 -1 61.348 57.8311 55.4397 57.9718 64.5835 70.0698 71.4765 70.9138 77.6662 96.6572 126.761 167.557 197.942 193.722 190.627 215.949 292.053 384.195 325.956 215.949 152.645 120.29 105.942 106.504 110.865
-1 -1 -1 -1 -1 -1 -1 -1 -1 -1 -1 -1 -1 -1 -1 -1 -1 -1 -1 -1 -1 -1 -1 -1 -1 -1 -1 -1 -1 -1 -1 -1 -1 -1 -1 -1 -1 -1 -1 -1 -1 -1 -1 -1 -1 -1 -1 -1 -1 62.7547 60.7853 60.3633 62.192 65.9902 69.6477 72.3206 74.8527 82.3084 96.3758 117.196 140.125 157.85 164.884 170.792 184.86 204.836 218.481 205.398 174.028 144.768 123.948 112.694 110.303 109.599
-1 -1 -1 -1 -1 -1 -1 -1 -1 -1 -1 -1 -1 -1 -1 -1 -1 -1 -1 -1 -1 -1 -1 -1 -1 -1 -1 -1 -1 -1 -1 -1 -1 -1 -1 -1 -1 -1 -1 -1 -1 -1 -1 -1 -1 -1 -1 65.8495 64.3021 62.0513 60.0819 58.9565 60.6446 64.5835 67.6783 67.819 68.8037 75.2747 90.3268 110.021 128.309 140.266 148.003 154.334 159.82 157.991 152.505 151.661 147.159 133.232 116.211 104.957 104.113 104.676
-1 -1 -1 -1 -1 -1 -1 -1 -1 -1 -1 -1 -1 -1 -1 -1 -1 -1 -1 -1 -1 -1 -1 -1 -1 -1 -1 -1 -1 -1 -1 -1 -1 -1 -1 -1 -1 -1 -1 -1 -1 -1 -1 -1 -1 -1 -1 64.7242 63.7394 61.2073 56.7057 52.9075 55.5803 61.9107 64.5835 60.6446 54.877 61.348 81.4644 106.082 127.605 139.703 142.517 147.3 146.034 132.388 115.367 122.682 133.654 124.933 102.847 86.2473 90.7489 98.2046
