UK/predictors/raw_data/Pb_grid.txt
ncols          515
nrows          640
xllcorner      136000.00000000
yllcorner      16000.00000000
cellsize       1000.00000000
NODATA_value  -1
[rows 264 to 296 of 640, columns 296 to 369 of 515]
98.2046 102.143 103.691 101.299 96.5165 90.6082 88.0761 87.654 85.6846 82.4491 79.6356 75.9781 72.6019 70.7731 70.2104 68.663 66.1309 61.348 57.6905 60.2226 71.6172 92.7183 136.046 193.3 161.367 102.565 70.4918 54.877 48.1246 48.2653 49.3907 48.406 46.8585 46.4365 46.9992 47.1399 47.7026 47.7026 47.7026 47.5619 47.2806 46.0145 42.6383 39.1215 41.2316 46.8585 51.5008 54.1736 55.299 54.4549 52.2042 49.9534 48.9687 49.25 47.7026 43.9044 40.1062 36.8707 35.1826 35.6046 36.5893 36.8707 37.5741 38.4181 37.9961 36.8707 35.6046 34.1979 32.7911 33.6352 35.7453 37.7147 39.4028 40.5282
96.9385 103.691 106.223 101.159 92.0149 91.1709 89.6235 88.2167 87.7947 82.7304 79.2136 75.6967 72.1799 70.3511 70.6325 69.2257 65.4275 60.0819 54.877 58.2531 71.1952 96.0945 157.147 254.775 197.239 109.599 70.7731 52.9075 45.7332 47.2806 48.828 48.9687 47.2806 46.8585 47.5619 47.7026 47.8433 47.8433 47.5619 47.5619 47.2806 45.4518 40.9502 36.1673 38.6995 45.1705 50.6567 54.0329 55.299 54.7363 52.9075 50.5161 49.5314 50.2347 48.828 44.3264 39.9655 36.308 34.0572 34.9013 36.4487 37.2927 38.2774 39.2621 38.5588 36.8707 35.1826 33.3538 31.6657 32.5098 34.7606 37.152 39.4028 41.3723
100.737 106.364 107.63 104.254 94.2657 94.8284 92.7183 90.3268 90.0455 84.8405 80.6203 77.9475 74.1493 71.7579 71.0545 69.2257 66.5529 62.8954 59.9412 62.8954 72.0392 89.0608 122.823 159.398 138.015 94.2657 69.3664 55.5803 49.8127 49.1093 49.8127 48.828 48.2653 47.7026 48.2653 47.9839 47.9839 48.1246 47.9839 47.7026 47.4212 46.0145 43.3417 40.8096 42.4977 47.4212 52.7669 56.7057 58.6752 57.8311 55.0176 51.6415 49.3907 48.6873 46.9992 43.7637 40.1062 37.2927 35.6046 35.886 36.73 37.2927 37.5741 38.1368 37.7147 36.4487 35.0419 33.6352 32.7911 33.2132 34.6199 36.4487 38.1368 39.4028
107.911 110.443 111.287 105.238 95.6725 95.2504 95.1098 94.5471 93.5623 90.4675 85.2626 79.7763 75.2747 71.7579 70.4918 69.2257 66.9749 64.8648 63.8801 66.5529 70.7731 78.9322 88.4981 94.4064 89.2014 77.3848 64.1615 56.7057 52.3448 50.5161 49.8127 48.5466 47.7026 47.1399 47.7026 48.2653 48.1246 48.5466 48.6873 48.1246 47.9839 47.2806 46.4365 46.1552 47.7026 51.3601 56.9871 63.3174 66.8343 65.1462 59.3785 53.4702 49.25 47.1399 45.1705 42.6383 39.8248 37.7147 36.5893 36.4487 36.8707 37.2927 37.4334 37.7147 37.2927 36.308 34.9013 33.6352 33.0725 33.2132 33.9165 35.0419 36.308 36.8707
116.914 116.492 112.131 108.052 101.018 98.908 98.4859 101.159 102.003 99.6113 90.1862 80.339 74.1493 69.5071 68.663 68.3817 66.2716 63.1767 61.77 64.5835 68.3817 69.9291 69.0851 66.6936 65.7089 64.7242 60.0819 54.4549 50.9381 49.25 49.25 48.406 46.4365 45.4518 46.1552 47.5619 48.6873 49.25 49.9534 49.3907 48.6873 48.1246 47.9839 48.5466 50.0941 54.4549 63.1767 76.6815 87.5134 81.8864 67.1156 55.8617 48.9687 45.7332 43.9044 41.5129 39.1215 36.5893 35.1826 35.4639 36.1673 37.4334 37.9961 38.8401 38.1368 36.4487 34.3386 32.3691 31.3844 31.6657 32.7911 33.6352 34.3386 34.3386
123.245 120.29 114.523 109.74 101.44 101.44 101.299 108.474 114.804 111.709 96.5165 81.0423 69.9291 63.3174 64.8648 67.2563 64.3021 57.2684 54.1736 59.8006 65.0055 64.3021 57.8311 50.6567 53.0482 57.6905 56.0024 50.2347 45.4518 46.0145 47.8433 47.4212 44.8891 42.779 43.9044 46.4365 48.828 50.7974 51.7821 51.0788 49.5314 48.828 48.2653 47.8433 48.9687 54.7363 69.0851 100.033 137.875 117.477 77.9475 57.1278 47.2806 43.623 43.0603 41.2316 38.2774 34.7606 32.2284 33.0725 35.3233 37.4334 40.1062 42.357 40.8096 37.0114 33.4945 30.1183 28.1489 29.2743 31.5251 32.6505 32.5098 31.9471
128.027 122.26 117.758 113.679 105.238 103.972 106.504 111.147 120.994 118.04 99.0486 82.5898 69.3664 60.7853 63.7394 68.5224 64.8648 54.5956 49.8127 58.2531 65.2869 63.8801 54.3143 45.5925 49.25 55.721 54.877 48.406 42.6383 44.8891 47.7026 47.1399 44.1857 41.3723 42.779 46.0145 48.828 51.2194 52.9075 52.0635 49.8127 48.5466 47.9839 47.1399 47.8433 53.8923 70.2104 111.709 175.575 139.281 81.3237 56.8464 46.2959 42.4977 42.6383 41.0909 37.8554 33.7759 30.5404 31.8064 34.7606 37.4334 40.8096 44.6078 42.2163 37.152 33.0725 29.2743 26.6015 28.2896 30.9624 32.3691 32.0878 31.1031
131.122 123.948 118.321 109.599 104.957 104.957 104.113 105.942 110.443 107.208 96.3758 85.9659 76.5408 70.3511 71.1952 73.3053 70.3511 63.4581 60.2226 65.4275 69.2257 67.2563 59.5192 54.0329 55.1583 58.1125 56.9871 51.9228 47.9839 48.406 49.1093 48.406 45.7332 43.9044 44.7484 46.7179 48.6873 49.8127 50.9381 50.7974 48.828 47.9839 47.5619 47.8433 48.828 53.4702 64.5835 87.232 112.272 98.908 70.9138 54.877 47.1399 43.7637 42.6383 40.9502 38.1368 35.1826 33.0725 33.4945 35.1826 36.8707 39.2621 40.6689 39.5435 36.1673 33.2132 30.8217 29.2743 30.1183 31.5251 32.5098 32.7911 32.5098
132.107 122.823 119.306 112.975 107.208 104.957 100.877 98.3453 97.3605 95.2504 92.5776 88.7794 86.6693 83.9965 83.5745 82.4491 80.4797 78.6509 78.0882 79.2136 77.5255 73.7273 68.241 64.5835 63.7394 62.7547 60.5039 57.5498 54.7363 53.6109 52.4855 49.8127 47.9839 46.7179 46.8585 47.2806 47.5619 48.6873 48.9687 48.6873 47.8433 46.8585 46.2959 46.2959 47.5619 50.5161 56.0024 63.1767 68.1003 65.5682 58.1125 50.9381 46.5772 44.3264 42.779 40.5282 38.2774 36.308 35.1826 35.4639 35.886 36.4487 36.4487 36.8707 36.4487 35.6046 34.1979 32.7911 31.8064 32.0878 33.0725 33.6352 34.1979 34.1979
132.951 121.838 119.868 117.477 113.679 105.942 97.0792 90.0455 85.1219 85.6846 88.0761 92.1556 96.2351 99.33 96.9385 94.2657 94.9691 97.6419 100.877 97.9232 89.4828 80.9017 74.4307 71.1952 69.5071 67.819 64.7242 61.0666 58.8158 57.1278 55.4397 51.6415 48.406 46.8585 46.2959 46.8585 46.8585 47.4212 47.9839 47.4212 46.5772 44.1857 42.779 42.0756 43.201 46.0145 48.828 49.9534 49.672 49.5314 49.25 47.4212 45.3111 44.0451 42.4977 40.5282 38.8401 37.0114 35.886 35.6046 35.7453 35.6046 34.7606 34.3386 34.3386 34.4792 34.1979 33.7759 33.4945 33.6352 33.7759 34.3386 35.0419 35.4639
132.107 125.636 121.416 123.385 119.446 107.067 93.5623 81.0423 72.0392 75.134 84.6999 94.2657 103.55 112.553 108.333 103.691 106.504 118.18 132.529 123.104 102.706 87.232 76.6815 72.0392 71.6172 70.3511 67.1156 62.4734 59.2379 58.3938 57.1278 53.4702 47.5619 44.4671 44.7484 46.2959 47.5619 47.9839 47.8433 46.8585 44.8891 42.9197 38.9808 36.1673 37.8554 41.7943 43.7637 43.0603 40.3875 41.7943 44.4671 44.6078 44.0451 43.9044 43.3417 41.2316 38.6995 36.0266 34.1979 34.6199 35.7453 35.1826 33.0725 31.2437 32.0878 33.9165 34.3386 33.6352 32.7911 33.2132 34.4792 35.3233 36.0266 36.308
128.309 123.385 121.416 123.104 118.884 107.208 92.9996 77.2441 66.1309 70.9138 83.0118 93.281 104.535 112.131 110.021 107.77 113.538 129.012 147.863 136.187 110.865 90.8895 77.8068 70.9138 72.3206 72.7426 69.3664 63.0361 57.8311 59.0972 58.5345 54.1736 47.4212 42.6383 44.0451 46.1552 47.7026 48.2653 47.5619 46.5772 44.4671 41.7943 37.5741 33.7759 35.6046 39.9655 41.7943 40.5282 37.9961 39.4028 42.0756 43.201 43.623 44.4671 43.623 41.3723 38.5588 35.4639 33.0725 34.0572 35.6046 34.6199 32.3691 29.837 31.1031 33.7759 34.4792 33.4945 32.0878 32.9318 34.7606 36.0266 36.4487 36.5893
130.419 121.556 118.321 114.663 112.131 103.972 94.5471 84.1372 76.1188 78.5102 85.5439 93.4217 99.8927 103.832 106.786 110.021 117.618 127.887 135.483 130.278 114.101 97.2199 83.8558 77.1035 76.2594 76.1188 73.4459 68.1003 63.1767 62.8954 61.0666 56.143 49.3907 45.3111 45.4518 46.1552 47.8433 48.1246 47.7026 46.9992 44.8891 42.4977 39.5435 37.2927 37.9961 40.3875 42.4977 41.935 40.5282 41.2316 42.4977 42.0756 42.6383 43.4824 42.357 40.8096 38.8401 36.73 35.3233 35.7453 36.4487 35.4639 33.7759 32.3691 33.0725 34.7606 35.3233 34.9013 33.9165 34.6199 35.886 36.73 37.0114 36.8707
131.685 119.024 111.709 108.474 105.098 101.721 96.5165 90.3268 87.5134 87.0913 90.3268 92.9996 96.0945 98.0639 102.425 109.599 121.697 135.202 142.939 138.437 120.29 104.113 91.1709 84.5592 82.1677 81.0423 80.1983 78.5102 75.5561 72.6019 66.2716 58.1125 50.9381 47.2806 46.4365 46.4365 48.2653 49.1093 49.25 48.406 46.1552 44.0451 41.3723 41.2316 41.5129 42.357 42.779 42.9197 42.4977 42.4977 42.4977 42.2163 42.0756 41.7943 40.5282 39.9655 39.2621 38.2774 38.1368 37.9961 37.2927 36.8707 35.886 35.4639 35.7453 36.4487 36.8707 36.8707 36.73 37.0114 37.7147 37.9961 37.9961 37.7147
131.122 118.18 104.957 98.6266 96.9385 98.4859 96.6572 93.1403 91.1709 90.1862 91.5929 93.281 91.3116 90.7489 96.3758 109.74 132.951 165.447 191.894 177.685 140.125 112.131 94.125 86.1066 84.4185 85.4032 88.9201 94.2657 98.7673 90.1862 74.712 60.0819 49.9534 44.4671 44.1857 46.1552 47.9839 51.0788 52.6262 51.5008 48.406 46.4365 43.7637 43.0603 42.9197 43.0603 43.201 43.201 43.201 43.0603 42.357 41.7943 40.2469 39.2621 39.4028 38.9808 39.4028 40.1062 40.1062 39.8248 38.8401 38.1368 37.4334 36.8707 37.152 37.8554 38.5588 39.1215 39.2621 39.2621 39.2621 39.1215 38.8401 38.5588
130.56 114.523 94.9691 83.0118 86.5286 95.6725 96.5165 92.7183 87.9354 89.0608 92.2963 91.7336 85.9659 79.0729 84.9812 107.489 145.752 229.031 342.977 279.252 168.682 115.507 89.9048 79.2136 80.9017 86.6693 96.2351 117.336 145.471 125.214 86.1066 60.6446 45.1705 37.2927 38.8401 44.0451 48.2653 53.6109 58.5345 56.143 51.2194 46.7179 44.3264 43.3417 43.201 43.3417 43.4824 43.4824 43.623 43.3417 42.0756 40.6689 37.9961 35.7453 36.73 39.1215 40.6689 41.7943 41.7943 41.5129 40.2469 39.1215 37.4334 35.7453 36.5893 38.8401 40.1062 40.3875 40.1062 40.3875 40.6689 40.2469 39.2621 38.1368
132.107 114.945 92.5776 75.9781 82.4491 95.6725 98.908 93.4217 87.0913 89.3421 93.1403 91.4522 83.0118 72.7426 79.4949 104.816 149.129 255.478 429.773 327.785 179.655 116.914 87.7947 74.0086 78.2289 88.2167 100.455 130.7 178.107 147.159 91.8743 60.926 42.6383 33.2132 36.1673 43.201 48.406 54.4549 60.0819 57.4091 51.2194 46.8585 44.3264 42.9197 43.0603 43.3417 43.4824 43.623 43.7637 43.4824 42.4977 40.2469 37.0114 33.9165 35.4639 38.6995 41.0909 42.2163 42.357 41.935 41.2316 40.3875 37.5741 34.4792 36.1673 39.9655 41.6536 41.2316 39.9655 40.6689 41.935 41.5129 39.5435 37.5741
131.966 120.15 103.691 91.3116 94.5471 102.988 104.816 99.8927 95.9538 95.2504 96.7978 93.9844 87.9354 82.7304 88.6387 107.63 140.125 193.863 252.243 223.545 159.116 119.165 95.6725 84.8405 86.1066 92.0149 99.33 114.241 130.841 115.789 85.1219 61.9107 47.1399 39.6842 40.5282 44.4671 47.8433 50.6567 53.8923 52.4855 49.5314 46.4365 44.1857 43.0603 43.0603 43.3417 43.3417 43.9044 43.623 43.4824 42.357 40.8096 38.2774 36.5893 37.2927 39.4028 41.5129 42.2163 42.6383 43.0603 42.9197 42.6383 40.9502 38.8401 40.2469 43.201 44.3264 43.7637 42.6383 43.201 44.3264 43.7637 41.7943 40.1062
132.951 128.872 122.963 118.04 118.04 118.884 115.507 111.287 107.911 105.801 102.425 98.0639 92.859 90.7489 95.3911 105.942 125.777 147.863 163.618 158.976 138.578 120.29 106.504 100.737 98.3453 97.3605 96.9385 99.0486 99.33 91.7336 77.1035 62.4734 50.6567 46.0145 45.0298 46.0145 46.9992 48.5466 49.25 48.5466 46.7179 45.3111 42.779 42.2163 42.779 43.201 43.623 43.623 43.3417 43.201 42.9197 41.7943 39.8248 38.4181 38.6995 40.1062 41.6536 42.9197 43.7637 44.7484 45.1705 46.9992 47.9839 48.1246 48.406 48.9687 49.1093 49.25 49.1093 49.1093 48.6873 47.5619 46.0145 44.8891
136.046 142.517 146.737 152.505 147.3 137.875 127.465 125.495 123.807 118.602 108.896 99.752 91.1709 87.7947 90.7489 100.737 117.055 132.248 143.502 141.673 130.7 121.979 119.165 121.556 115.085 103.691 96.7978 93.9844 92.0149 85.5439 73.1646 61.2073 50.6567 46.5772 45.5925 45.7332 46.2959 46.8585 46.9992 46.7179 45.1705 43.9044 40.8096 39.6842 40.5282 42.2163 43.201 42.9197 42.2163 42.2163 42.779 41.6536 39.6842 37.7147 38.2774 39.9655 42.0756 43.7637 44.7484 46.1552 49.1093 52.7669 60.0819 64.7242 61.9107 56.9871 55.299 57.4091 59.9412 59.2379 55.299 52.3448 51.5008 51.7821
131.826 153.067 182.328 209.618 189.502 157.85 140.266 140.97 148.425 138.578 116.914 99.33 84.5592 75.6967 80.1983 95.3911 112.975 138.156 160.242 150.957 130.982 124.229 136.609 159.257 142.095 111.569 96.9385 95.5318 100.315 92.1556 74.0086 59.0972 48.5466 42.779 43.0603 44.6078 46.5772 46.8585 46.8585 46.2959 44.8891 42.357 38.2774 35.3233 36.73 40.5282 42.357 41.7943 39.2621 40.6689 42.357 41.0909 37.0114 33.4945 35.0419 39.4028 42.779 44.7484 45.3111 46.2959 50.6567 59.2379 79.0729 96.5165 81.605 65.8495 61.6293 66.6936 77.3848 75.134 62.8954 56.9871 57.2684 60.6446
131.544 160.383 201.319 246.616 220.45 166.572 147.3 150.395 168.26 153.208 120.853 96.9385 79.6356 68.1003 73.7273 88.7794 109.599 141.673 177.967 159.116 127.465 120.15 140.125 176.982 152.786 110.584 94.125 95.8131 107.911 97.3605 73.3053 57.2684 46.2959 40.3875 41.6536 44.7484 45.7332 46.4365 47.1399 46.5772 44.6078 41.2316 37.152 33.0725 35.1826 40.6689 43.623 41.7943 37.9961 40.2469 43.623 41.935 36.1673 30.9624 33.3538 39.1215 43.0603 45.0298 45.1705 46.1552 51.0788 62.0513 89.6235 118.04 92.0149 69.3664 64.0208 70.6325 87.232 83.8558 66.2716 58.5345 59.6599 65.1462
140.266 163.337 190.627 211.869 198.787 163.477 146.034 143.361 149.832 138.437 114.101 95.8131 82.5898 75.6967 78.5102 86.81 100.455 118.462 136.749 128.872 111.709 106.645 115.648 128.309 117.899 96.5165 85.6846 85.2626 89.0608 81.4644 66.6936 54.4549 47.1399 43.0603 43.0603 44.6078 45.0298 45.4518 45.8738 45.3111 43.9044 41.5129 39.2621 37.0114 38.8401 43.4824 47.4212 47.9839 45.7332 46.9992 48.6873 45.4518 40.2469 36.1673 37.152 40.9502 43.4824 45.1705 45.8738 47.2806 51.3601 59.9412 73.7273 85.8253 76.4001 65.0055 61.4887 65.4275 72.7426 71.1952 62.0513 57.4091 57.5498 59.2379
154.896 170.933 181.906 190.768 182.468 157.147 140.266 129.434 123.245 114.945 102.847 92.4369 84.6999 80.6203 80.761 82.7304 88.2167 92.0149 94.8284 94.2657 90.0455 87.3727 87.9354 87.654 84.6999 77.5255 72.3206 69.5071 67.9597 64.3021 57.9718 51.0788 46.7179 43.9044 43.201 44.0451 43.623 43.3417 43.3417 43.201 42.779 41.7943 40.9502 41.0909 43.9044 48.9687 55.8617 62.192 65.2869 64.7242 60.6446 53.0482 46.1552 42.0756 41.5129 42.9197 44.3264 45.3111 45.8738 47.2806 49.8127 54.4549 58.5345 62.0513 60.7853 58.5345 56.9871 57.6905 58.9565 58.6752 56.5651 55.4397 55.299 54.877
164.04 180.218 196.254 209.759 199.349 167.416 134.921 113.257 102.003 97.7826 93.4217 86.9507 79.4949 74.9934 74.712 76.9628 74.8527 71.0545 66.8343 68.1003 71.3358 70.9138 66.4122 62.614 62.192 63.0361 60.926 56.4244 52.7669 51.7821 49.672 46.7179 42.9197 41.3723 41.5129 42.357 41.935 40.6689 39.6842 40.1062 40.6689 41.7943 41.3723 41.935 45.0298 53.1889 68.1003 93.5623 117.899 110.021 82.4491 61.0666 48.828 43.201 42.357 42.9197 44.3264 44.4671 44.4671 45.5925 47.8433 50.2347 51.3601 52.0635 52.4855 52.7669 52.0635 51.0788 50.2347 50.9381 51.9228 53.3296 54.4549 55.299
161.649 194.004 234.096 273.344 244.787 182.187 132.248 100.033 81.3237 82.4491 87.0913 82.8711 71.8985 63.7394 65.4275 69.2257 66.5529 56.2837 47.1399 50.5161 58.9565 59.8006 53.0482 45.8738 48.406 53.7516 52.9075 46.8585 41.2316 42.9197 44.8891 42.9197 38.4181 36.73 38.8401 40.9502 40.2469 37.4334 34.4792 36.1673 39.5435 41.0909 39.6842 37.5741 41.0909 54.5956 83.0118 155.178 287.974 235.502 115.93 67.2563 45.8738 37.0114 38.4181 42.357 44.3264 43.0603 40.9502 42.357 46.2959 48.406 48.9687 47.5619 48.1246 49.1093 48.828 46.2959 43.623 45.1705 48.828 52.0635 56.2837 60.0819
162.071 198.083 252.665 317.937 274.047 189.361 129.294 93.8437 72.8833 76.5408 84.2779 80.4797 68.5224 58.3938 61.77 66.2716 62.614 50.9381 40.5282 44.7484 53.4702 55.1583 48.2653 40.8096 43.9044 49.672 49.3907 43.3417 37.4334 39.5435 42.9197 41.0909 36.5893 34.6199 37.9961 40.8096 39.5435 36.0266 32.0878 34.1979 38.8401 40.3875 38.6995 34.7606 38.5588 54.7363 90.4675 195.27 455.517 343.681 135.624 70.0698 43.7637 33.0725 36.1673 42.0756 44.4671 42.357 39.1215 40.9502 45.3111 47.2806 47.5619 46.7179 46.9992 47.4212 46.8585 44.1857 41.2316 42.9197 47.1399 51.2194 57.1278 63.7394
179.233 205.68 231.564 254.775 233.111 178.529 136.187 102.284 85.9659 84.5592 86.1066 82.0271 72.7426 65.8495 66.1309 66.4122 62.192 54.4549 47.9839 49.8127 54.0329 53.8923 50.0941 46.1552 46.9992 49.5314 48.6873 44.8891 41.3723 41.935 43.201 41.6536 38.9808 37.7147 39.6842 41.5129 40.2469 37.5741 35.886 37.0114 39.9655 41.3723 41.3723 40.2469 44.6078 57.6905 85.2626 144.205 226.921 197.098 114.101 71.0545 49.8127 40.8096 41.3723 44.3264 45.3111 44.4671 42.779 43.7637 46.1552 47.2806 47.1399 46.5772 46.5772 46.2959 45.7332 44.4671 43.3417 44.1857 46.7179 49.8127 53.6109 56.8464
200.334 210.603 211.025 212.573 199.771 165.869 138.859 112.413 101.018 95.3911 89.0608 85.1219 77.5255 72.7426 70.9138 67.5376 63.5988 58.3938 55.0176 54.4549 54.877 54.5956 52.6262 50.7974 50.7974 50.5161 48.2653 46.4365 45.0298 44.8891 44.1857 42.779 41.7943 41.2316 41.0909 41.935 40.9502 40.1062 39.9655 41.3723 42.2163 43.201 43.623 45.1705 49.672 60.5039 79.3543 105.098 122.963 117.196 92.9996 70.0698 56.2837 48.828 46.9992 47.2806 47.7026 47.9839 47.5619 47.5619 47.5619 47.1399 45.0298 45.0298 44.8891 44.7484 44.4671 44.0451 43.7637 44.3264 45.7332 47.7026 49.25 50.3754
218.622 217.496 208.352 203.991 193.16 168.542 141.251 117.758 108.896 102.847 95.1098 84.6999 78.0882 74.0086 71.6172 68.241 63.7394 58.9565 56.143 55.5803 55.299 54.4549 53.3296 52.7669 50.6567 49.672 48.406 47.5619 46.8585 46.1552 44.8891 44.0451 43.623 43.4824 42.779 42.6383 42.9197 42.9197 42.779 43.0603 43.201 43.4824 43.201 43.3417 47.5619 58.3938 75.134 95.2504 108.755 105.238 87.9354 68.3817 55.5803 49.672 48.2653 48.6873 49.8127 51.5008 52.7669 51.7821 49.1093 46.7179 42.9197 42.0756 42.2163 42.9197 42.9197 42.0756 41.5129 42.2163 44.0451 45.8738 46.7179 47.1399
227.343 220.45 213.979 214.401 203.991 175.294 142.798 122.401 110.865 107.348 98.0639 86.6693 75.4154 70.0698 69.2257 66.9749 62.4734 57.1278 53.3296 53.6109 54.5956 53.7516 52.7669 51.6415 49.8127 48.6873 47.7026 47.8433 47.7026 47.1399 45.7332 44.6078 44.8891 45.5925 45.1705 44.6078 44.0451 43.3417 42.6383 43.0603 43.623 42.9197 39.8248 35.7453 39.9655 54.1736 74.712 104.254 135.061 125.214 92.0149 67.819 51.6415 43.3417 44.6078 48.6873 51.5008 55.4397 59.2379 56.7057 51.0788 46.1552 41.2316 38.4181 39.2621 41.3723 41.3723 39.5435 37.4334 38.8401 42.2163 44.6078 46.0145 46.4365
233.111 221.435 217.074 221.716 210.885 178.529 145.33 122.119 110.162 109.036 99.6113 86.6693 74.1493 66.9749 68.1003 66.8343 62.3327 55.8617 51.2194 52.2042 53.4702 53.7516 53.1889 51.0788 49.672 47.9839 47.5619 47.5619 47.9839 47.4212 45.5925 45.0298 45.4518 46.7179 46.0145 44.6078 44.4671 43.3417 42.0756 42.6383 43.9044 43.201 38.2774 31.8064 36.308 52.2042 74.712 110.725 159.398 142.095 94.8284 67.1156 49.1093 39.5435 42.4977 48.406 52.4855 57.1278 62.7547 59.2379 51.5008 44.6078 39.9655 36.73 37.9961 40.6689 40.8096 38.5588 35.4639 37.2927 41.5129 44.0451 45.7332 46.7179
245.912 231.423 216.652 210.603 199.349 175.575 147.581 124.933 112.272 108.474 99.33 88.0761 76.2594 70.3511 69.2257 67.9597 62.4734 57.6905 54.0329 53.7516 54.3143 53.6109 51.7821 50.9381 49.5314 48.406 47.5619 47.1399 46.9992 46.4365 45.5925 44.8891 45.3111 45.8738 45.5925 44.7484 44.8891 43.9044 43.3417 43.7637 44.8891 44.8891 42.0756 39.2621 43.3417 55.721 73.0239 95.9538 118.18 111.428 86.9507 67.819 54.3143 46.8585 47.5619 50.0941 52.3448 54.4549 56.5651 54.4549 49.25 44.4671 41.2316 38.9808 39.5435 40.9502 41.7943 40.5282 38.8401 39.9655 42.357 43.4824 44.7484 45.1705
