UK/predictors/raw_data/Pb_grid.txt
ncols          515
nrows          640
xllcorner      136000.00000000
yllcorner      16000.00000000
cellsize       1000.00000000
NODATA_value  -1
[rows 396 to 428 of 640, columns 74 to 147 of 515]
-1 -1 -1 -1 -1 -1 -1 -1 -1 -1 -1 -1 -1 -1 -1 -1 -1 -1 -1 -1 -1 -1 -1 -1 -1 -1 -1 36.0266 35.7453 -1 -1 35.7453 36.1673 36.1673 35.4639 34.7606 35.3233 36.5893 36.8707 36.1673 35.4639 36.308 38.2774 40.9502 43.3417 45.3111 45.1705 45.4518 45.5925 45.3111 44.8891 46.4365 50.0941 53.0482 53.8923 53.4702 55.0176 58.1125 60.3633 57.8311 53.0482 56.2837 64.7242 70.7731 73.0239 74.0086 72.4612 67.2563 59.9412 51.5008 45.4518 49.1093 59.8006 75.4154
-1 -1 -1 -1 -1 -1 -1 -1 -1 -1 -1 -1 -1 -1 -1 -1 -1 -1 -1 -1 -1 -1 -1 -1 -1 -1 36.1673 35.6046 35.3233 34.9013 34.9013 35.4639 36.308 37.152 37.5741 37.5741 38.1368 38.2774 38.2774 37.9961 37.7147 38.2774 39.1215 40.9502 42.0756 43.3417 44.0451 45.8738 47.2806 48.6873 50.0941 51.2194 53.8923 55.4397 56.5651 56.8464 58.9565 63.3174 67.6783 72.0392 72.8833 74.0086 76.2594 75.8374 75.6967 74.5713 72.1799 67.5376 61.9107 56.2837 53.4702 55.299 60.926 70.2104
-1 -1 -1 -1 -1 -1 -1 -1 -1 -1 -1 -1 -1 -1 -1 -1 -1 -1 -1 -1 -1 -1 -1 -1 -1 -1 35.4639 35.4639 34.9013 33.9165 33.3538 34.0572 36.1673 38.4181 40.2469 41.2316 41.0909 40.2469 39.5435 39.2621 39.2621 39.6842 39.9655 40.9502 41.3723 41.5129 42.6383 45.7332 48.828 53.3296 56.0024 56.5651 57.2684 57.2684 57.4091 57.4091 60.5039 67.397 78.2289 93.703 106.082 102.003 92.1556 83.4338 80.1983 77.6662 74.4307 68.5224 61.6293 55.299 51.0788 52.9075 58.5345 65.7089
-1 -1 -1 -1 -1 -1 -1 -1 -1 -1 -1 -1 -1 -1 -1 -1 -1 -1 -1 -1 -1 -1 -1 -1 35.0419 34.0572 34.4792 35.1826 34.6199 32.5098 30.9624 32.0878 35.3233 38.9808 43.0603 46.0145 44.7484 42.0756 40.5282 39.9655 39.9655 40.1062 40.8096 40.8096 39.8248 38.5588 40.1062 45.1705 50.6567 57.8311 62.614 61.6293 60.0819 58.9565 55.5803 51.7821 55.8617 69.2257 90.3268 129.294 176.419 152.786 110.162 90.0455 82.8711 81.7457 78.5102 70.2104 59.5192 48.406 40.6689 44.4671 54.3143 62.614
-1 -1 -1 -1 -1 -1 -1 -1 -1 -1 -1 -1 -1 -1 -1 -1 -1 -1 -1 -1 -1 -1 -1 -1 34.9013 33.4945 34.1979 35.3233 34.7606 32.0878 29.5556 31.1031 35.3233 39.5435 44.1857 48.2653 46.4365 43.0603 41.2316 40.3875 39.9655 40.2469 41.0909 40.9502 39.2621 36.8707 38.9808 44.8891 52.4855 59.9412 65.5682 64.1615 61.9107 60.5039 55.0176 47.7026 53.0482 70.7731 98.2046 150.535 225.796 185.141 120.29 94.125 83.8558 83.2931 80.4797 71.1952 59.0972 45.7332 35.3233 40.2469 53.0482 62.0513
-1 -1 -1 -1 -1 -1 -1 -1 -1 -1 -1 -1 -1 -1 -1 -1 -1 -1 -1 -1 -1 38.4181 37.9961 37.2927 36.1673 35.1826 35.6046 36.308 35.886 34.0572 32.3691 33.4945 36.4487 39.5435 42.4977 44.8891 44.1857 42.6383 41.3723 40.8096 40.8096 40.6689 41.5129 41.6536 40.9502 39.9655 41.5129 46.8585 52.7669 58.3938 62.192 62.614 63.1767 63.5988 61.6293 57.9718 63.3174 78.3695 100.174 132.67 163.055 148.144 113.819 93.1403 83.2931 80.1983 76.6815 70.2104 62.192 52.2042 45.4518 48.6873 57.2684 64.3021
-1 -1 -1 -1 -1 -1 -1 -1 -1 -1 -1 -1 -1 -1 -1 -1 -1 -1 -1 -1 38.1368 38.2774 38.4181 38.5588 38.1368 37.8554 37.8554 37.9961 37.4334 36.8707 36.308 36.5893 37.9961 39.5435 41.0909 41.935 42.2163 41.7943 41.3723 41.5129 41.6536 41.7943 42.4977 42.779 43.0603 43.3417 44.7484 49.25 53.1889 57.1278 59.8006 62.0513 65.8495 69.3664 73.0239 75.5561 80.4797 91.0302 104.957 120.994 131.404 125.073 107.63 90.3268 80.339 74.0086 70.9138 68.5224 65.5682 61.6293 59.5192 60.926 64.8648 68.9444
-1 -1 -1 -1 -1 -1 -1 -1 -1 -1 -1 -1 -1 -1 -1 -1 -1 -1 -1 37.5741 37.0114 37.2927 38.4181 39.4028 40.2469 40.6689 40.3875 39.6842 39.2621 38.9808 38.9808 38.8401 39.2621 39.8248 40.1062 40.3875 40.8096 41.0909 42.2163 42.2163 42.0756 42.357 43.0603 43.623 44.1857 44.7484 45.8738 49.9534 53.4702 56.7057 58.9565 61.77 67.819 76.4001 89.4828 100.455 102.847 104.676 114.101 132.81 144.205 134.076 109.74 86.9507 71.1952 63.1767 62.614 65.5682 67.9597 69.0851 70.7731 71.1952 71.8985 74.8527
-1 -1 -1 -1 -1 -1 -1 -1 -1 38.5588 37.4334 37.8554 -1 38.9808 37.5741 -1 -1 -1 37.9961 36.4487 34.9013 35.6046 37.9961 39.9655 41.935 43.623 42.9197 41.2316 40.3875 40.1062 40.2469 40.2469 39.9655 40.1062 39.6842 39.1215 39.6842 40.9502 42.2163 42.2163 41.935 42.357 43.7637 44.4671 44.4671 43.623 44.8891 49.3907 54.0329 56.4244 56.4244 59.0972 68.3817 84.4185 111.428 140.829 131.826 117.336 124.792 162.211 210.04 179.374 121.134 83.5745 59.5192 46.8585 50.6567 61.4887 69.6477 75.8374 80.0576 78.9322 76.8221 80.339
-1 -1 -1 -1 -1 -1 43.201 41.935 40.3875 38.4181 36.8707 37.5741 38.9808 39.1215 37.2927 35.3233 36.308 38.2774 38.2774 36.0266 33.7759 34.9013 37.8554 40.2469 42.6383 44.8891 43.7637 41.935 41.0909 40.5282 40.3875 40.5282 40.5282 40.3875 39.5435 38.4181 39.1215 40.9502 42.2163 42.0756 41.6536 42.2163 43.9044 45.0298 44.4671 42.6383 44.4671 49.5314 54.877 56.4244 54.7363 57.6905 68.5224 87.654 122.401 166.15 146.737 121.556 129.716 178.67 263.637 211.588 125.495 81.4644 54.3143 39.6842 45.4518 59.9412 70.9138 78.6509 83.4338 81.8864 80.0576 82.7304
-1 -1 -1 -1 -1 -1 44.7484 43.201 41.5129 39.6842 38.5588 38.9808 40.1062 40.3875 39.2621 37.8554 38.4181 39.6842 39.5435 37.7147 36.1673 36.8707 38.6995 40.1062 41.3723 42.6383 42.2163 41.5129 41.3723 41.3723 41.0909 41.3723 41.3723 41.2316 40.6689 39.9655 40.3875 41.6536 42.4977 42.779 42.4977 42.9197 44.7484 46.0145 46.0145 45.4518 46.9992 51.7821 55.721 58.6752 59.0972 62.3327 70.7731 84.2779 106.504 127.324 122.541 112.835 119.728 146.174 177.967 156.162 112.694 82.0271 61.9107 51.3601 54.1736 63.3174 72.4612 78.6509 81.3237 81.4644 81.3237 82.5898
-1 -1 45.0298 46.4365 -1 -1 46.7179 45.0298 43.201 41.7943 40.9502 41.2316 41.935 42.6383 42.6383 42.357 42.357 42.357 41.5129 40.2469 39.4028 39.2621 39.5435 39.5435 39.4028 39.4028 39.5435 40.3875 41.5129 42.6383 43.0603 43.4824 43.4824 42.6383 42.6383 42.357 42.357 43.0603 43.0603 43.201 43.0603 43.623 45.7332 47.4212 48.406 49.3907 50.9381 54.877 58.3938 62.614 65.7089 68.5224 73.868 80.339 88.9201 95.1098 96.9385 99.8927 104.676 112.975 117.758 111.147 97.6419 82.3084 70.2104 64.1615 64.5835 69.0851 75.134 80.6203 83.7152 83.7152 82.3084 81.0423
-1 -1 45.4518 47.7026 50.0941 51.3601 -1 47.1399 44.6078 42.9197 42.357 42.4977 43.3417 45.0298 46.8585 47.9839 47.4212 45.4518 43.623 42.0756 40.9502 40.6689 39.9655 38.5588 36.1673 34.4792 35.6046 38.6995 41.935 44.8891 46.7179 46.7179 45.5925 44.4671 44.7484 44.8891 44.6078 44.1857 43.3417 42.4977 42.2163 42.9197 45.8738 48.5466 51.2194 53.3296 54.5956 57.6905 61.9107 68.8037 74.4307 75.4154 75.5561 76.1188 77.1035 77.3848 80.1983 86.5286 91.4522 94.4064 93.4217 91.5929 87.5134 79.4949 71.3358 67.5376 68.241 72.0392 79.2136 86.81 93.1403 92.4369 86.1066 81.3237
-1 -1 45.4518 48.828 53.1889 56.5651 54.4549 49.25 45.4518 43.201 42.2163 42.6383 44.3264 46.9992 51.2194 54.877 53.0482 48.5466 45.1705 42.357 40.3875 40.6689 40.3875 37.4334 32.0878 27.4455 29.837 36.308 42.357 48.1246 52.3448 51.0788 48.1246 46.2959 46.8585 47.4212 46.7179 45.4518 43.7637 41.2316 38.9808 40.5282 44.8891 49.8127 54.0329 56.5651 56.8464 59.2379 65.8495 77.1035 87.7947 84.4185 77.6662 73.3053 68.3817 63.5988 67.2563 77.5255 84.1372 85.5439 82.8711 83.2931 82.1677 76.5408 67.819 61.6293 64.1615 71.8985 83.0118 99.752 118.04 109.881 91.4522 82.7304
-1 42.357 44.7484 48.5466 54.1736 59.0972 56.4244 49.9534 45.5925 43.0603 41.7943 42.357 44.7484 47.9839 53.1889 58.1125 55.5803 50.5161 46.7179 42.6383 39.4028 40.5282 41.2316 37.8554 30.3997 24.0694 27.3049 35.6046 43.0603 49.8127 55.299 53.0482 49.1093 47.4212 47.7026 48.5466 47.9839 46.2959 44.0451 40.8096 37.7147 39.6842 45.0298 50.7974 55.299 57.8311 57.8311 59.9412 67.819 80.9017 95.8131 89.3421 77.6662 71.3358 65.0055 58.6752 62.8954 73.5866 81.183 82.7304 80.6203 81.4644 80.4797 74.8527 65.4275 57.6905 61.2073 71.0545 83.4338 106.364 134.498 119.728 93.281 82.3084
38.6995 40.2469 43.201 46.2959 50.6567 53.8923 52.4855 48.6873 45.5925 43.7637 42.9197 43.4824 45.4518 48.1246 51.5008 54.0329 53.4702 51.0788 49.25 46.4365 43.7637 44.1857 44.3264 40.8096 34.9013 30.5404 32.5098 38.1368 43.4824 48.1246 51.2194 50.6567 49.1093 48.5466 48.2653 48.406 47.9839 46.8585 45.1705 43.0603 41.6536 42.9197 46.5772 50.9381 55.4397 57.4091 58.3938 60.7853 65.4275 74.29 81.8864 79.3543 72.8833 69.9291 66.5529 64.3021 66.6936 74.29 80.761 83.2931 82.8711 82.7304 80.761 74.9934 68.663 63.5988 65.5682 71.7579 80.339 94.4064 106.786 101.018 86.9507 77.6662
36.5893 37.8554 40.2469 43.4824 45.8738 47.5619 47.5619 46.5772 45.3111 44.6078 44.1857 44.8891 46.2959 47.9839 49.672 51.0788 51.7821 52.4855 53.6109 54.4549 54.4549 53.3296 50.6567 46.1552 41.935 39.4028 39.9655 42.0756 44.6078 46.5772 47.8433 48.2653 49.3907 49.672 49.5314 49.5314 49.1093 48.5466 47.1399 46.0145 45.3111 46.1552 49.3907 52.6262 56.4244 58.8158 59.8006 62.0513 63.4581 66.2716 67.819 67.9597 67.5376 66.8343 67.397 67.5376 69.7884 75.8374 81.7457 86.6693 88.3574 87.0913 83.1525 76.6815 70.7731 67.2563 67.819 69.6477 74.5713 80.1983 84.1372 82.4491 77.5255 71.6172
33.6352 34.9013 37.7147 41.2316 43.0603 43.9044 44.4671 44.8891 44.8891 45.0298 44.8891 45.4518 46.7179 47.7026 48.6873 49.5314 51.0788 54.3143 60.3633 69.3664 76.4001 71.8985 60.926 52.6262 47.8433 45.8738 45.1705 45.1705 45.7332 46.2959 46.5772 47.2806 48.9687 50.6567 52.0635 53.6109 52.7669 50.5161 48.406 47.8433 47.1399 48.1246 50.5161 54.4549 59.6599 63.7394 63.5988 62.7547 60.5039 58.3938 57.5498 58.9565 61.6293 63.7394 64.7242 64.5835 67.2563 75.6967 84.9812 94.9691 102.284 98.3453 88.0761 76.9628 67.397 62.3327 63.0361 65.7089 69.9291 73.0239 74.4307 73.5866 70.2104 65.8495
29.9777 31.3844 35.6046 39.4028 42.0756 42.6383 43.0603 43.7637 44.3264 44.8891 45.0298 46.1552 46.8585 47.5619 47.8433 47.7026 49.3907 55.0176 67.397 93.8437 128.027 108.755 74.29 57.4091 50.0941 47.8433 47.4212 47.4212 46.8585 45.8738 44.6078 45.5925 48.6873 52.2042 56.5651 60.3633 58.1125 53.3296 49.9534 47.2806 45.1705 46.5772 50.9381 56.9871 65.8495 74.0086 70.6325 63.8801 58.2531 51.9228 46.5772 49.672 57.1278 61.6293 61.4887 58.3938 61.77 72.1799 88.0761 110.865 135.624 122.682 93.703 74.5713 59.8006 51.9228 54.877 61.77 67.1156 71.0545 73.4459 71.8985 67.1156 62.0513
28.2896 29.9777 34.7606 38.9808 41.5129 42.4977 42.6383 43.3417 44.0451 44.7484 45.3111 46.5772 46.8585 47.5619 47.5619 46.7179 48.2653 55.0176 69.7884 106.786 166.713 132.248 80.339 59.3785 50.6567 47.5619 47.9839 48.406 47.4212 45.5925 43.623 44.8891 48.5466 52.6262 58.2531 64.3021 61.0666 54.4549 50.6567 46.8585 43.623 45.4518 50.7974 57.9718 68.663 80.4797 74.9934 64.3021 57.4091 49.25 41.935 45.8738 55.299 61.0666 59.9412 55.1583 59.0972 71.4765 89.7641 120.009 158.554 136.89 97.2199 73.3053 56.8464 46.7179 50.6567 59.6599 65.8495 70.9138 74.9934 72.4612 65.4275 59.3785
31.3844 32.5098 35.7453 38.8401 40.9502 42.2163 42.6383 43.201 43.9044 44.7484 45.3111 46.2959 47.1399 47.5619 48.2653 48.2653 49.9534 55.0176 65.4275 85.9659 109.036 97.2199 72.7426 59.2379 52.4855 49.8127 49.5314 49.672 48.5466 47.1399 46.0145 46.8585 49.25 52.2042 56.0024 58.9565 57.5498 53.8923 51.0788 48.6873 46.8585 48.1246 51.7821 56.5651 63.4581 69.3664 66.9749 61.4887 57.4091 52.6262 48.6873 51.0788 56.9871 62.4734 63.1767 61.6293 65.1462 74.0086 86.388 105.66 121.979 112.694 90.6082 73.868 61.2073 54.4549 55.8617 60.926 64.4428 67.397 69.0851 66.9749 61.77 56.7057
34.4792 35.1826 36.8707 38.8401 40.3875 41.6536 42.357 43.201 43.7637 44.6078 45.1705 46.2959 47.2806 47.8433 48.828 49.5314 50.9381 53.8923 58.6752 65.5682 70.0698 68.1003 62.614 57.6905 54.5956 53.0482 52.0635 51.5008 50.3754 49.1093 48.5466 48.828 50.3754 51.9228 52.9075 54.1736 53.8923 53.3296 51.9228 50.6567 50.0941 50.6567 52.6262 54.7363 56.9871 58.3938 58.2531 58.2531 57.1278 56.7057 56.0024 57.5498 61.2073 64.8648 68.5224 70.2104 72.8833 77.1035 83.7152 91.7336 95.9538 92.859 82.0271 73.0239 66.8343 62.7547 61.9107 61.4887 62.192 61.9107 61.77 60.2226 57.2684 53.8923
34.4792 34.9013 36.73 38.6995 39.8248 40.2469 41.5129 42.9197 43.9044 44.6078 45.1705 45.7332 46.8585 47.8433 48.9687 49.5314 50.3754 51.6415 53.0482 53.7516 53.0482 54.0329 55.5803 56.0024 56.4244 56.5651 55.299 53.3296 51.5008 50.3754 49.5314 49.8127 50.7974 51.5008 51.9228 52.0635 52.2042 52.4855 52.0635 51.3601 51.3601 51.6415 52.2042 52.3448 51.2194 50.0941 51.2194 54.5956 56.9871 58.3938 59.6599 60.7853 64.1615 68.5224 73.868 78.2289 79.0729 80.0576 82.5898 85.9659 87.7947 85.9659 79.2136 73.1646 69.2257 66.5529 64.8648 62.614 60.0819 57.4091 55.721 55.0176 53.0482 49.8127
30.681 32.2284 36.0266 38.6995 39.2621 38.6995 39.8248 42.2163 44.0451 44.6078 44.6078 45.0298 46.5772 47.8433 48.828 49.25 49.5314 50.0941 49.8127 47.1399 43.623 45.8738 51.3601 55.4397 58.9565 61.2073 58.8158 55.1583 52.4855 50.0941 48.406 48.9687 50.6567 51.6415 50.9381 49.8127 50.5161 52.3448 52.3448 51.3601 50.2347 50.7974 52.0635 50.7974 46.0145 40.9502 43.7637 51.3601 56.9871 59.9412 61.2073 62.0513 65.0055 70.9138 81.183 91.5929 88.3574 81.3237 80.6203 85.5439 92.4369 88.9201 79.0729 72.6019 70.2104 70.7731 68.5224 63.1767 58.5345 54.4549 51.5008 51.5008 50.2347 45.7332
28.4302 30.681 36.0266 39.1215 39.2621 37.8554 38.9808 42.2163 44.3264 44.7484 44.1857 44.7484 46.4365 47.9839 48.828 49.25 49.1093 49.1093 48.2653 45.1705 41.3723 43.623 49.672 54.877 60.2226 63.8801 60.3633 56.0024 53.0482 49.9534 47.4212 48.5466 50.9381 51.9228 50.7974 48.6873 50.0941 52.4855 52.7669 51.2194 49.25 50.3754 52.2042 50.6567 44.0451 36.8707 40.8096 50.5161 57.4091 60.6446 61.4887 62.0513 65.2869 72.0392 84.8405 99.4707 92.5776 81.7457 79.4949 86.6693 97.3605 91.1709 78.6509 71.7579 70.3511 72.7426 70.0698 63.1767 57.4091 52.7669 50.0941 50.3754 48.9687 44.3264
33.4945 34.9013 38.4181 40.6689 40.8096 40.2469 41.2316 43.201 45.3111 45.5925 45.3111 45.7332 46.7179 47.8433 48.2653 48.6873 48.6873 48.406 47.8433 46.4365 45.1705 46.4365 50.0941 53.8923 57.5498 59.6599 58.2531 55.8617 53.8923 52.0635 50.3754 51.2194 53.0482 53.0482 53.0482 51.7821 52.4855 53.8923 54.1736 52.7669 51.5008 52.2042 53.7516 53.6109 49.3907 45.0298 47.7026 54.4549 59.5192 61.2073 61.77 62.614 65.0055 70.2104 78.3695 85.6846 83.2931 77.2441 76.2594 79.6356 85.2626 81.8864 73.7273 69.5071 68.241 68.5224 66.2716 60.7853 56.5651 53.7516 51.5008 50.6567 48.2653 44.8891
41.0909 41.2316 42.357 43.3417 43.9044 44.1857 44.6078 45.3111 46.2959 46.9992 47.2806 47.2806 47.4212 47.4212 47.2806 47.2806 47.5619 47.9839 47.7026 47.4212 47.2806 48.2653 50.3754 52.7669 55.1583 56.143 56.143 56.143 55.5803 55.0176 54.877 55.1583 56.143 56.7057 57.4091 56.7057 56.7057 56.7057 56.0024 55.0176 54.4549 55.1583 56.8464 58.5345 59.3785 59.3785 60.3633 61.6293 61.9107 62.3327 62.3327 62.7547 64.7242 66.8343 69.7884 71.6172 71.7579 70.2104 70.7731 72.0392 72.7426 71.4765 68.5224 65.7089 64.1615 62.8954 61.2073 59.0972 56.0024 53.4702 51.6415 50.9381 49.3907 46.5772
47.8433 47.1399 46.2959 46.5772 47.5619 48.5466 48.406 47.9839 48.1246 49.1093 49.9534 49.5314 48.5466 47.2806 46.0145 45.0298 45.3111 46.5772 47.1399 47.1399 46.9992 47.5619 49.8127 52.0635 54.4549 55.721 56.143 56.4244 56.9871 58.6752 59.9412 59.8006 59.3785 60.0819 62.0513 63.5988 62.7547 60.0819 57.9718 56.2837 55.8617 56.8464 60.0819 65.5682 73.7273 80.6203 77.9475 71.1952 65.7089 62.8954 62.0513 62.0513 63.0361 63.1767 61.9107 60.5039 61.6293 63.8801 65.5682 66.2716 66.1309 65.8495 64.0208 62.0513 60.3633 58.2531 57.4091 56.5651 54.3143 52.0635 49.8127 49.5314 48.406 47.4212
54.0329 52.4855 49.672 49.1093 50.7974 53.3296 52.2042 49.9534 49.672 51.3601 54.0329 52.6262 49.8127 46.8585 43.9044 41.2316 42.357 45.0298 46.4365 45.8738 44.6078 45.8738 49.3907 52.4855 54.877 56.0024 56.143 57.2684 58.9565 62.0513 64.8648 63.8801 62.0513 62.8954 67.397 72.6019 69.7884 63.7394 59.5192 56.4244 54.1736 55.8617 61.6293 72.8833 95.1098 121.697 107.77 81.7457 68.5224 62.192 59.6599 60.0819 60.6446 59.6599 55.721 51.7821 54.0329 59.2379 62.192 63.0361 62.192 62.3327 62.7547 60.5039 56.8464 54.0329 54.4549 55.299 52.9075 48.5466 45.0298 46.2959 47.8433 46.9992
56.5651 54.7363 51.2194 50.0941 52.2042 55.5803 53.7516 50.9381 50.2347 52.6262 56.143 54.3143 50.2347 46.8585 42.9197 39.4028 41.0909 44.6078 46.1552 45.3111 43.3417 44.8891 48.828 52.4855 55.0176 56.4244 56.4244 57.2684 59.6599 63.4581 67.2563 65.5682 63.1767 64.4428 69.9291 77.1035 73.3053 65.2869 60.0819 56.0024 52.6262 54.7363 62.0513 75.9781 106.082 149.691 125.636 86.5286 69.5071 61.4887 58.2531 59.0972 59.9412 58.2531 53.4702 48.406 51.0788 57.1278 60.7853 61.6293 61.4887 61.6293 61.348 58.8158 55.299 52.4855 53.4702 54.7363 52.3448 47.2806 42.4977 44.4671 48.1246 47.2806
53.8923 52.9075 51.0788 50.5161 51.0788 52.6262 51.6415 50.2347 49.672 50.9381 52.7669 51.6415 49.3907 47.2806 44.4671 42.4977 43.3417 45.5925 46.7179 46.4365 45.7332 46.8585 49.672 52.2042 54.1736 55.4397 55.8617 57.1278 59.2379 61.348 63.7394 63.3174 63.0361 64.0208 66.9749 70.2104 68.241 64.0208 60.5039 57.8311 56.143 57.8311 63.1767 72.8833 90.3268 108.755 99.752 80.0576 68.3817 62.614 59.9412 59.5192 59.2379 58.3938 56.0024 53.3296 54.7363 57.6905 60.0819 61.4887 61.6293 61.4887 59.9412 58.2531 56.7057 55.1583 55.721 55.299 53.8923 50.9381 47.8433 48.9687 50.5161 49.3907
52.2042 51.6415 50.6567 49.9534 49.672 49.5314 49.25 48.9687 48.6873 48.828 49.25 48.828 47.9839 47.2806 46.5772 45.8738 46.1552 47.1399 47.8433 47.9839 48.406 49.1093 50.5161 51.9228 53.0482 54.0329 54.877 55.5803 57.4091 59.5192 60.926 61.348 61.9107 62.614 63.4581 64.1615 63.5988 62.0513 60.3633 59.3785 59.5192 60.5039 62.8954 67.6783 73.868 79.0729 77.2441 71.3358 65.8495 62.4734 60.5039 59.8006 60.0819 59.2379 58.6752 58.1125 58.3938 60.926 61.6293 60.6446 60.5039 60.2226 60.6446 59.3785 57.4091 56.4244 56.7057 57.6905 58.5345 57.6905 56.143 56.143 56.4244 54.7363
53.0482 52.4855 51.0788 49.5314 47.9839 47.1399 47.2806 47.4212 47.4212 47.1399 46.8585 46.9992 47.5619 47.4212 47.4212 47.5619 47.5619 48.406 48.828 49.5314 49.8127 50.0941 51.0788 51.6415 51.9228 51.5008 52.4855 54.5956 56.8464 58.5345 59.5192 59.9412 61.2073 61.4887 61.348 60.926 60.7853 60.7853 60.3633 60.3633 60.5039 60.926 62.0513 63.7394 65.5682 66.4122 66.4122 65.2869 62.8954 61.0666 59.6599 59.5192 59.9412 59.8006 60.3633 60.0819 60.2226 61.4887 61.0666 61.2073 59.8006 59.9412 59.0972 57.9718 56.8464 53.8923 55.299 58.1125 61.77 65.7089 66.6936 65.9902 61.9107 58.3938
