UK/predictors/raw_data/Pb_grid.txt
ncols          515
nrows          640
xllcorner      136000.00000000
yllcorner      16000.00000000
cellsize       1000.00000000
NODATA_value  -1
[rows 264 to 296 of 640, columns 148 to 221 of 515]
-1 -1 -1 -1 -1 -1 -1 -1 -1 -1 -1 -1 -1 -1 -1 -1 -1 -1 -1 -1 -1 -1 -1 -1 -1 -1 -1 -1 -1 -1 -1 -1 -1 -1 -1 -1 -1 -1 -1 -1 -1 -1 -1 83.5745 84.1372 80.9017 80.761 -1 -1 75.6967 76.4001 73.3053 73.3053 72.8833 72.6019 71.8985 72.4612 74.29 78.6509 82.0271 86.388 89.3421 95.5318 103.55 116.211 133.795 147.441 140.407 122.963 109.459 105.801 101.159 100.033 100.737
-1 -1 -1 -1 -1 -1 -1 -1 -1 -1 -1 -1 -1 -1 -1 -1 -1 -1 -1 -1 -1 -1 -1 -1 -1 -1 -1 -1 -1 -1 -1 -1 -1 -1 -1 -1 -1 -1 -1 -1 -1 83.2931 80.6203 80.6203 82.1677 83.0118 83.1525 80.1983 -1 77.1035 75.2747 72.1799 73.5866 73.1646 73.0239 73.5866 74.5713 76.2594 78.7916 81.4644 84.6999 88.3574 95.8131 104.676 118.04 139.844 157.288 148.707 127.605 112.694 107.77 104.254 102.847 102.988
-1 -1 -1 -1 -1 -1 -1 -1 -1 -1 -1 -1 -1 -1 -1 -1 -1 -1 -1 -1 -1 -1 -1 -1 -1 -1 -1 -1 -1 -1 -1 -1 -1 -1 -1 -1 -1 -1 -1 84.5592 81.183 78.2289 75.4154 76.1188 79.3543 79.3543 80.6203 78.5102 -1 76.2594 76.9628 75.4154 72.0392 72.7426 73.4459 75.134 75.8374 77.3848 79.0729 81.3237 83.0118 86.388 92.1556 100.596 112.975 129.153 140.407 135.483 122.541 111.569 108.755 106.082 104.957 104.113
-1 -1 -1 -1 -1 -1 -1 -1 -1 -1 -1 -1 -1 -1 -1 -1 -1 -1 -1 -1 -1 -1 -1 -1 -1 -1 -1 -1 -1 -1 -1 -1 -1 -1 -1 -1 -1 99.33 89.7641 80.6203 73.868 71.3358 70.9138 71.4765 74.29 76.9628 78.9322 80.1983 81.3237 -1 75.6967 77.8068 75.134 72.6019 73.5866 74.712 76.5408 77.6662 77.9475 79.3543 79.4949 81.0423 84.9812 92.859 102.425 112.131 118.743 118.602 113.257 109.036 106.364 108.052 106.926 105.098
-1 -1 -1 -1 -1 -1 -1 -1 -1 -1 -1 -1 -1 -1 -1 -1 -1 -1 -1 -1 -1 -1 -1 -1 -1 -1 -1 -1 -1 -1 -1 -1 -1 -1 -1 -1 107.911 97.9232 86.2473 75.4154 66.6936 62.8954 62.4734 66.1309 70.6325 74.9934 77.5255 79.3543 79.3543 -1 74.8527 76.1188 77.1035 72.0392 73.3053 74.712 75.8374 76.6815 76.1188 75.9781 75.8374 76.1188 78.2289 83.1525 93.703 99.8927 105.238 106.364 107.067 106.504 107.911 110.725 110.443 104.676
-1 -1 -1 -1 -1 -1 -1 -1 -1 -1 -1 -1 -1 -1 -1 -1 -1 -1 -1 -1 -1 -1 -1 -1 -1 -1 -1 -1 -1 -1 -1 -1 -1 -1 -1 -1 110.021 96.7978 83.9965 70.9138 60.3633 55.0176 56.4244 62.0513 67.6783 72.6019 75.6967 76.5408 77.6662 -1 -1 75.4154 76.5408 78.3695 74.712 72.8833 74.0086 74.8527 74.4307 73.7273 73.0239 71.6172 73.1646 79.0729 86.1066 92.2963 96.7978 99.6113 100.174 103.832 110.162 117.336 115.648 107.77
-1 -1 -1 -1 -1 -1 -1 -1 -1 -1 -1 -1 -1 -1 -1 -1 -1 -1 -1 -1 -1 -1 -1 -1 -1 -1 -1 -1 -1 -1 -1 -1 -1 -1 -1 -1 -1 99.8927 84.8405 70.3511 58.3938 52.2042 54.4549 61.0666 66.4122 70.0698 72.4612 72.8833 74.8527 -1 -1 -1 -1 75.9781 72.3206 74.1493 72.7426 73.3053 73.868 73.5866 71.8985 70.3511 71.4765 76.6815 82.1677 86.6693 90.4675 93.9844 96.9385 102.003 111.569 121.838 119.868 105.52
-1 -1 -1 -1 -1 -1 -1 -1 -1 -1 -1 -1 -1 -1 -1 -1 -1 -1 -1 -1 -1 -1 -1 -1 -1 -1 -1 169.808 166.713 -1 -1 -1 -1 -1 -1 -1 -1 -1 88.9201 74.8527 63.5988 57.9718 58.6752 63.4581 67.2563 68.9444 69.6477 70.6325 73.3053 75.6967 -1 -1 -1 -1 75.4154 72.8833 71.3358 71.8985 73.5866 73.4459 72.6019 72.0392 72.8833 75.5561 78.3695 84.2779 87.232 89.9048 93.281 96.6572 104.816 111.85 109.459 97.6419
-1 -1 -1 -1 -1 -1 -1 -1 -1 -1 -1 -1 -1 -1 -1 -1 -1 -1 -1 -1 -1 -1 343.681 273.625 223.123 189.08 173.887 167.979 166.854 -1 -1 -1 -1 -1 -1 -1 -1 -1 -1 80.9017 70.6325 65.5682 63.8801 65.4275 66.8343 66.2716 65.2869 65.9902 68.663 72.7426 75.9781 -1 -1 -1 -1 72.1799 72.8833 72.1799 73.3053 73.7273 73.3053 73.868 74.8527 75.9781 77.2441 82.4491 84.5592 84.8405 86.9507 89.9048 94.6877 96.3758 93.281 85.8253
-1 -1 -1 -1 -1 -1 -1 -1 -1 -1 -1 -1 -1 -1 -1 -1 -1 -1 -1 -1 615.322 678.344 507.988 325.534 226.781 181.906 165.728 162.493 165.025 -1 -1 -1 -1 -1 -1 -1 -1 -1 -1 -1 70.4918 63.5988 62.0513 64.3021 64.5835 61.348 58.5345 59.5192 63.8801 68.663 72.3206 -1 -1 -1 -1 -1 73.868 71.1952 72.0392 72.4612 73.5866 74.1493 75.134 76.2594 -1 79.2136 80.339 81.3237 82.3084 83.5745 84.2779 84.5592 81.0423 74.5713
-1 -1 -1 -1 -1 -1 -1 -1 -1 -1 -1 -1 -1 -1 -1 -1 -1 -1 288.537 555.114 1113.73 1404.22 806.358 376.317 222.56 169.245 154.193 155.318 162.352 173.887 -1 -1 -1 -1 -1 -1 -1 -1 -1 -1 -1 53.0482 54.3143 61.348 62.4734 56.0024 50.3754 52.6262 59.9412 66.1309 70.9138 71.1952 -1 -1 -1 -1 -1 71.4765 70.7731 71.8985 73.0239 73.5866 74.8527 74.0086 -1 77.2441 79.4949 79.6356 79.4949 78.6509 77.9475 75.8374 73.1646 67.819
-1 -1 -1 -1 -1 -1 -1 -1 -1 -1 -1 -1 -1 -1 -1 -1 119.446 163.899 262.231 547.518 1390.72 1981.69 921.851 365.204 209.478 161.649 149.832 152.223 161.649 179.092 200.475 219.325 -1 -1 -1 -1 -1 -1 -1 -1 -1 48.1246 50.9381 61.0666 62.7547 54.3143 47.1399 50.0941 58.8158 66.2716 70.6325 73.1646 -1 -1 -1 -1 -1 -1 -1 -1 -1 -1 -1 -1 -1 77.5255 77.6662 79.4949 77.8068 75.6967 73.5866 70.9138 68.5224 64.1615
51.2194 -1 -1 -1 -1 -1 -1 -1 -1 -1 -1 -1 -1 74.9934 79.7763 88.3574 101.721 131.404 192.034 341.571 679.048 859.251 505.597 268.42 183.172 157.428 151.098 152.927 164.462 190.065 225.655 258.573 279.252 -1 -1 -1 -1 -1 -1 -1 -1 60.926 61.2073 67.9597 67.6783 60.5039 54.5956 56.5651 62.614 67.9597 70.9138 72.0392 70.7731 -1 -1 -1 -1 -1 -1 -1 -1 -1 -1 -1 -1 -1 80.761 81.183 77.9475 74.1493 70.6325 67.819 65.1462 61.4887
50.3754 50.2347 52.7669 -1 -1 -1 -1 -1 -1 -1 64.3021 64.1615 65.1462 69.6477 72.8833 76.8221 83.1525 97.2199 128.45 175.997 235.502 250.555 212.151 171.074 147.159 138.156 136.89 144.346 165.165 209.9 276.157 338.335 362.531 353.95 343.118 -1 -1 -1 -1 -1 -1 -1 81.0423 80.339 76.2594 71.1952 66.6936 66.6936 68.9444 70.2104 70.0698 68.241 68.241 69.6477 68.9444 -1 -1 -1 -1 69.7884 70.6325 -1 -1 -1 81.4644 85.9659 87.3727 84.5592 78.9322 73.5866 68.3817 64.8648 62.3327 60.2226
48.1246 46.4365 48.6873 53.6109 58.3938 62.8954 65.4275 65.7089 64.8648 63.7394 61.4887 60.0819 60.926 63.0361 66.5529 66.4122 66.6936 73.4459 88.4981 104.816 108.614 100.877 103.972 112.553 113.96 111.147 108.192 120.431 157.991 237.331 383.21 536.123 535.138 455.798 431.18 471.413 -1 -1 -1 -1 -1 -1 -1 93.703 85.2626 77.8068 73.4459 72.4612 72.3206 71.1952 67.5376 63.7394 64.0208 66.9749 67.819 67.9597 69.0851 -1 -1 69.7884 70.0698 72.0392 75.134 79.6356 86.81 95.3911 101.018 95.5318 83.0118 71.6172 64.0208 61.0666 59.9412 58.8158
44.8891 40.9502 43.201 50.3754 59.2379 65.2869 68.3817 67.819 65.8495 62.614 58.6752 55.4397 56.7057 60.3633 62.0513 58.3938 53.6109 57.9718 70.0698 77.8068 69.0851 55.5803 63.3174 83.4338 93.703 88.9201 78.9322 90.8895 141.11 263.497 583.671 1050.57 873.319 566.79 510.942 653.867 838.713 -1 -1 -1 -1 -1 -1 106.504 90.6082 77.2441 69.9291 71.1952 73.3053 70.6325 63.3174 57.5498 59.3785 64.7242 69.2257 68.5224 69.7884 69.6477 70.3511 68.3817 68.8037 70.9138 73.868 80.1983 91.4522 109.459 126.339 115.226 89.4828 71.4765 60.926 56.143 56.4244 56.7057
44.1857 39.1215 41.935 50.3754 60.0819 66.6936 69.6477 68.9444 66.6936 62.7547 57.4091 53.4702 55.299 59.0972 59.3785 55.4397 49.25 53.0482 63.3174 67.2563 59.5192 47.9839 54.877 73.4459 84.4185 80.6203 68.663 79.3543 130.278 260.542 649.225 1343.17 1009.21 582.264 527.26 739.397 1052.26 798.48 -1 -1 -1 -1 -1 120.29 96.7978 76.9628 66.6936 69.6477 74.4307 71.4765 62.0513 54.5956 57.4091 64.3021 69.3664 67.819 67.6783 68.663 68.9444 66.5529 67.1156 68.9444 71.6172 77.6662 90.4675 114.241 140.97 125.073 91.0302 71.0545 59.6599 54.1736 55.299 56.2837
47.5619 44.7484 46.9992 53.6109 60.3633 66.2716 69.3664 69.3664 68.1003 64.4428 59.9412 56.9871 57.9718 59.8006 59.6599 57.9718 55.1583 57.4091 62.8954 64.7242 62.3327 58.6752 62.614 72.8833 80.761 82.1677 80.9017 91.5929 130.7 215.808 402.201 640.503 589.438 459.174 458.33 581.279 705.917 603.506 428.226 -1 -1 -1 173.887 140.97 110.443 87.654 76.2594 76.6815 79.4949 75.6967 67.1156 61.77 63.3174 67.6783 70.9138 67.5376 67.2563 67.5376 67.397 64.8648 65.2869 65.7089 67.6783 72.3206 81.3237 96.3758 110.162 101.299 82.8711 70.9138 63.0361 58.5345 58.2531 57.6905
50.9381 50.2347 52.2042 57.2684 63.7394 70.3511 73.5866 74.712 71.8985 67.1156 62.8954 60.6446 60.5039 60.6446 60.5039 59.6599 60.3633 61.348 63.0361 63.3174 61.9107 63.4581 65.7089 71.6172 77.3848 81.183 86.5286 97.6419 122.682 166.572 228.75 287.552 312.451 327.081 371.253 435.26 490.263 468.881 396.996 327.644 281.503 -1 -1 171.636 134.217 107.77 93.8437 88.9201 86.81 82.7304 77.1035 74.29 73.7273 73.5866 71.1952 67.6783 66.1309 65.4275 65.1462 62.0513 61.4887 61.4887 62.4734 65.2869 69.9291 73.7273 76.9628 75.5561 72.6019 70.6325 68.8037 67.1156 64.7242 60.5039
51.3601 50.5161 52.9075 59.3785 69.5071 82.5898 92.2963 89.0608 79.917 70.2104 63.4581 60.5039 59.8006 60.6446 60.7853 60.2226 60.0819 61.6293 62.0513 60.7853 57.6905 56.4244 60.0819 66.4122 71.8985 74.0086 76.2594 85.8253 105.238 131.122 151.661 163.759 189.643 239.863 308.372 416.831 520.227 516.429 427.101 353.95 326.237 -1 -1 217.918 163.759 129.575 110.162 100.174 94.5471 88.3574 87.232 86.9507 84.1372 79.3543 71.0545 66.5529 63.7394 63.4581 62.7547 60.2226 58.5345 57.4091 57.8311 59.8006 60.2226 58.8158 56.9871 59.5192 65.0055 70.7731 77.9475 83.0118 77.8068 66.2716
49.1093 45.5925 48.5466 58.5345 75.4154 105.238 138.015 121.556 90.3268 71.8985 61.6293 56.5651 57.2684 59.6599 60.5039 59.6599 58.8158 59.9412 60.6446 57.9718 51.0788 44.6078 49.25 60.0819 66.6936 64.7242 59.5192 66.9749 88.7794 110.303 116.07 107.489 125.495 186.829 287.552 499.266 841.104 800.872 511.364 381.663 381.663 451.437 404.03 273.484 190.346 145.33 121.275 108.052 97.6419 93.8437 94.9691 98.4859 94.4064 82.4491 71.6172 64.0208 59.9412 60.5039 61.4887 58.9565 55.8617 52.9075 53.6109 55.8617 55.299 49.5314 43.623 47.7026 58.9565 72.7426 93.8437 117.055 103.269 74.29
47.8433 42.6383 45.8738 57.9718 77.8068 117.055 171.074 141.673 93.9844 72.7426 60.2226 54.0329 56.0024 59.3785 60.3633 59.3785 58.2531 58.9565 60.0819 56.8464 48.2653 39.6842 44.3264 57.5498 64.1615 60.7853 52.3448 59.2379 81.0423 100.596 104.535 92.859 105.66 160.664 269.405 538.374 1131.88 1026.23 535.701 377.161 399.528 532.043 469.865 294.304 197.942 151.239 126.761 108.474 100.455 96.7978 97.5012 102.847 97.9232 84.5592 71.6172 62.8954 58.1125 59.3785 60.3633 58.8158 54.877 51.2194 52.0635 54.7363 53.3296 46.9992 40.2469 44.4671 56.9871 73.3053 101.862 140.829 118.462 77.9475
50.9381 48.2653 50.7974 59.5192 74.0086 97.5012 120.572 110.162 85.9659 70.3511 61.9107 58.8158 58.9565 60.6446 61.2073 60.2226 59.8006 59.9412 59.6599 58.5345 53.3296 48.2653 51.5008 59.0972 65.0055 64.3021 61.348 67.1156 81.605 96.5165 102.143 104.676 117.336 155.6 230.438 382.507 614.619 597.879 409.657 324.549 331.442 382.085 344.947 249.992 182.89 145.19 120.29 108.614 100.737 96.3758 95.1098 96.0945 91.5929 80.9017 72.4612 65.8495 61.6293 61.9107 60.926 59.8006 56.9871 54.1736 54.4549 55.5803 54.5956 50.7974 47.7026 50.5161 58.2531 69.5071 85.9659 102.565 93.1403 72.0392
54.0329 53.3296 55.1583 60.5039 68.5224 78.6509 84.9812 83.0118 76.2594 68.663 64.3021 61.77 60.6446 61.9107 61.77 61.2073 60.6446 60.5039 60.3633 60.3633 60.6446 59.6599 60.0819 63.8801 64.8648 67.1156 67.2563 71.0545 79.0729 89.7641 98.6266 107.067 120.009 145.19 186.97 245.35 298.946 308.231 279.252 253.79 246.756 246.194 228.891 194.707 158.413 132.951 113.397 104.957 98.908 93.9844 90.7489 86.1066 84.2779 79.6356 73.7273 69.5071 66.4122 65.0055 63.5988 61.348 59.3785 58.1125 57.4091 57.4091 56.7057 55.299 54.877 56.2837 59.8006 64.7242 70.3511 73.7273 71.1952 64.3021
53.6109 52.4855 54.0329 59.0972 65.1462 68.5224 69.9291 70.2104 69.7884 67.397 64.5835 62.8954 62.0513 61.2073 59.9412 58.5345 59.0972 59.5192 61.2073 63.3174 67.5376 69.6477 68.663 66.4122 65.4275 62.4734 60.7853 64.3021 73.3053 84.9812 91.3116 95.2504 105.942 126.339 153.771 176.279 188.236 198.927 204.836 200.897 190.205 180.78 173.887 160.101 135.343 115.507 104.113 99.8927 96.3758 90.6082 84.6999 78.7916 77.5255 75.5561 73.4459 70.9138 69.3664 67.1156 64.0208 62.4734 61.4887 60.3633 59.6599 59.0972 58.5345 58.3938 58.6752 58.8158 59.5192 61.348 61.9107 61.77 61.0666 59.2379
51.2194 46.2959 48.9687 56.5651 62.4734 64.1615 62.614 64.3021 66.8343 65.9902 63.8801 62.192 62.192 61.9107 60.0819 56.8464 53.8923 55.299 59.5192 64.5835 72.4612 82.5898 78.6509 68.241 62.614 55.299 49.25 53.8923 67.1156 79.3543 82.0271 78.0882 86.388 109.74 134.78 148.285 147.581 155.037 167.979 169.808 161.227 152.786 151.801 141.814 124.229 105.098 94.9691 95.8131 94.125 87.3727 77.2441 71.3358 71.6172 73.1646 73.5866 72.4612 71.3358 67.6783 65.5682 63.4581 61.9107 61.0666 60.7853 60.2226 59.6599 59.9412 60.6446 60.0819 59.2379 58.9565 58.1125 56.7057 56.8464 56.7057
49.672 42.779 46.2959 55.5803 62.192 63.0361 60.5039 62.4734 66.1309 66.4122 63.8801 61.2073 62.0513 62.7547 60.926 56.143 51.5008 53.8923 59.8006 65.8495 76.5408 89.2014 83.0118 70.2104 63.1767 52.7669 43.623 49.1093 64.4428 77.3848 78.5102 71.1952 78.6509 102.284 125.917 139.563 139.703 143.642 152.786 155.459 151.379 148.003 147.3 137.453 121.838 104.535 95.3911 95.9538 92.0149 84.4185 74.9934 68.3817 69.7884 72.7426 73.3053 73.7273 70.7731 68.8037 66.9749 64.5835 62.192 60.7853 61.0666 60.7853 60.2226 60.5039 61.4887 60.6446 58.6752 57.2684 56.4244 55.721 55.8617 55.1583
54.1736 49.672 51.9228 58.6752 63.8801 65.5682 64.3021 65.9902 67.819 67.9597 65.9902 64.3021 64.3021 64.4428 62.8954 59.8006 56.7057 58.1125 61.77 65.7089 71.6172 77.2441 74.0086 67.397 63.0361 57.8311 52.9075 56.4244 66.4122 77.1035 81.8864 80.9017 87.5134 104.113 122.26 135.483 140.97 143.361 145.612 145.752 144.064 142.095 138.859 129.997 119.306 108.192 101.159 96.5165 91.5929 84.6999 77.6662 72.1799 72.4612 73.5866 74.4307 74.9934 73.4459 70.7731 69.2257 66.4122 64.0208 62.3327 62.0513 61.6293 59.9412 59.6599 59.8006 59.0972 57.2684 55.8617 55.1583 54.877 54.4549 53.6109
62.0513 59.3785 60.7853 64.4428 68.1003 70.0698 70.9138 71.7579 72.3206 72.0392 70.3511 69.3664 69.0851 68.1003 66.8343 65.1462 63.7394 63.7394 64.0208 65.1462 66.5529 66.8343 65.9902 64.7242 62.614 62.614 63.5988 66.1309 71.7579 77.6662 86.388 90.3268 96.3758 107.208 120.712 132.248 139.563 141.11 139.281 135.765 127.605 125.636 123.667 120.15 114.382 105.66 100.877 96.2351 91.3116 84.5592 77.9475 75.6967 74.4307 75.9781 76.1188 76.4001 77.5255 75.4154 72.3206 69.3664 67.2563 65.8495 64.3021 62.614 59.8006 58.2531 57.1278 56.143 55.1583 53.6109 52.0635 51.5008 51.2194 50.7974
70.0698 67.819 68.3817 70.6325 73.5866 77.2441 79.917 79.4949 77.8068 76.6815 75.5561 75.5561 74.4307 72.3206 70.3511 69.7884 69.3664 68.3817 66.1309 64.4428 61.9107 60.5039 60.926 62.4734 63.5988 64.8648 67.819 69.2257 74.9934 80.1983 85.9659 91.8743 96.5165 107.77 121.838 135.624 144.768 143.924 132.248 123.104 112.413 104.816 105.098 105.66 105.52 103.269 99.6113 94.9691 89.7641 81.183 76.2594 74.0086 73.4459 75.9781 78.2289 83.2931 86.388 83.1525 76.6815 72.0392 71.0545 70.4918 67.9597 63.7394 59.8006 56.143 53.8923 53.3296 52.6262 50.7974 47.7026 45.7332 46.0145 48.2653
77.6662 74.1493 74.4307 75.9781 79.917 85.8253 91.5929 88.9201 83.1525 79.7763 79.4949 80.1983 78.9322 76.1188 73.868 73.1646 73.4459 72.1799 68.3817 63.7394 58.1125 53.4702 55.4397 60.7853 64.7242 68.1003 70.4918 71.1952 73.868 79.4949 86.9507 93.5623 94.8284 102.425 117.758 144.064 166.432 157.85 135.202 112.694 94.5471 82.1677 86.1066 95.3911 100.174 100.455 97.7826 93.4217 85.2626 79.4949 72.7426 68.3817 69.6477 73.3053 80.1983 91.3116 102.706 95.6725 81.7457 74.712 74.4307 76.6815 73.3053 65.2869 58.6752 53.4702 49.9534 50.3754 50.3754 47.9839 42.9197 38.2774 40.3875 45.7332
83.0118 78.6509 78.5102 80.1983 82.8711 89.6235 96.6572 92.9996 85.5439 82.3084 81.183 81.3237 80.6203 78.5102 76.4001 74.8527 74.4307 73.3053 69.6477 63.8801 56.4244 50.0941 53.1889 60.0819 65.4275 68.9444 71.0545 71.3358 74.0086 80.1983 88.2167 94.125 94.4064 101.159 117.477 148.425 184.578 166.854 132.67 108.896 88.4981 74.5713 79.917 91.5929 97.3605 98.3453 96.2351 92.2963 84.5592 78.5102 71.3358 65.7089 67.9597 72.6019 80.0576 93.281 107.911 99.4707 82.4491 75.134 75.6967 80.4797 76.4001 66.4122 58.3938 52.0635 48.1246 48.9687 49.5314 47.2806 41.5129 35.886 38.5588 45.0298
85.1219 82.7304 81.7457 82.0271 83.4338 86.9507 91.1709 89.2014 85.5439 83.8558 82.1677 81.4644 81.183 80.4797 78.9322 76.8221 75.134 73.868 71.0545 65.9902 59.9412 55.721 56.9871 61.9107 66.1309 68.241 69.7884 70.4918 72.3206 78.6509 85.6846 90.4675 92.4369 99.0486 111.991 132.248 152.223 144.205 124.651 108.755 94.2657 84.9812 87.232 93.281 96.7978 96.6572 94.8284 88.3574 84.6999 78.9322 73.5866 69.6477 69.7884 72.4612 76.4001 83.7152 89.7641 86.1066 77.5255 72.6019 72.4612 74.0086 70.9138 64.8648 58.3938 53.4702 50.3754 50.2347 50.0941 47.9839 44.6078 41.6536 43.0603 46.8585
